control_mean	morphine_mean	M	D	prob	ranking	Length	GC	Chrom	GeneStart	GeneEnd	Biotype	mgi_symbol
ENSMUSG00000064851	122.054017536332	7.21061732532584	4.08125319474635	114.843400211006	0.998759092854086	114.915896200938	151	0.47682119205298	5	7227706	7227856	snRNA	Gm24525
ENSMUSG00000118859	115.791560092059	11.4010807971121	3.34428760058015	104.390479294947	0.997686670945657	104.44403490379	191	0.450261780104712	11	101495676	101495866	snRNA	Gm26316
ENSMUSG00000073647	43.1724186422937	1.75897126999063	4.61730609498656	41.4134473723031	0.997034124946513	41.6700508618998	619	0.483037156704362	18	4198320	4198938	processed_pseudogene	Gm10557
ENSMUSG00000086331	0.460753916199652	31.7567604702892	-6.10692351125218	31.2960065540896	0.996496576807873	-31.8862751196483	960	0.472916666666667	16	91891456	91893378	lncRNA	Gm16310
ENSMUSG00000099583	3.6889825156097	33.9978586299791	-3.2041490241159	30.3088761143694	0.994431964056483	-30.4777712814591	1249	0.496397117694155	13	23759937	23761185	protein_coding	H3c4
ENSMUSG00000049086	7.49955509582343	57.5969147898865	-2.9411146182821	50.0973596940631	0.994303594351733	-50.1836188762251	983	0.579857578840285	2	25596751	25597733	protein_coding	Bmyc
ENSMUSG00000106751	17.8315268190605	0.544401608062101	5.03361510004696	17.2871252109984	0.994070924261874	18.0050542636271	1447	0.409813407049067	5	130255057	130256503	TEC	Gm42467
ENSMUSG00000104272	2.61544323292139	23.692028354642	-3.17927435547687	21.0765851217207	0.992961061189559	-21.3150234768937	1057	0.396404919583728	9	100585266	100586322	TEC	Gm38297
ENSMUSG00000121092	5.17701029437811	38.7401893377525	-2.90363991286344	33.5631790433744	0.992902225074882	-33.6885457127668	534	0.275280898876405	8	129231424	129231957	lncRNA	
ENSMUSG00000042380	19.8367635154449	2.13073036423523	3.21875671849629	17.7060331512097	0.992452931108258	17.9962219580833	1022	0.588062622309198	4	127137577	127141602	protein_coding	Smim12
ENSMUSG00000120493	41.2492315308551	5.84854010451675	2.81821878891256	35.4006914263384	0.992190842961061	35.5126922466462	1117	0.510295434198747	9	62247370	62248486	lncRNA	
ENSMUSG00000086859	13.0478985118485	0.770834135309169	4.08125319474635	12.2770643765394	0.991583761232349	12.9376557901855	2825	0.532743362831858	11	116966834	116969790	lncRNA	Snhg20
ENSMUSG00000103967	4.66350117610984	31.958798853848	-2.77672780038122	27.2952976777382	0.990955284552846	-27.4361712451601	988	0.388663967611336	9	88562992	88563979	TEC	Gm38214
ENSMUSG00000091313	41.0749615216744	6.33025125653606	2.69792455519485	34.7447102651383	0.990770753102268	34.8492996818291	516	0.484496124031008	6	39630384	39630899	processed_pseudogene	Fth-ps2
ENSMUSG00000110127	15.4745227942788	1.82838491372662	3.08125319474635	13.6461378805522	0.990334830979889	13.9896819229451	1191	0.414777497900924	8	26234417	26235607	TEC	6430710M23Rik
ENSMUSG00000024118	0.460753916199652	11.0971711561071	-4.59005171934172	10.6364172399075	0.990292041078305	-11.5845563785426	2551	0.528420227361819	17	24434028	24439825	protein_coding	Tedc2
ENSMUSG00000121502	0.904325645141613	11.7535185253839	-3.70010651877831	10.8491928802423	0.990128904578519	-11.4627995883644	4076	0.45215897939156	7	39098907	39127142	lncRNA	
ENSMUSG00000039382	12.2496509442808	1.31577427930417	3.21875671849629	10.9338766649766	0.989126016260163	11.3978091639483	3310	0.531722054380665	X	7580572	7594445	protein_coding	Wdr45
ENSMUSG00000105761	19.5498286526371	3.14986465609702	2.63379421777513	16.3999639965401	0.986721758664955	16.6101080992689	1037	0.43297974927676	5	102204899	102205935	TEC	Gm43787
ENSMUSG00000110928	1.25001062452429	10.6339977700682	-3.08867180669596	9.38398714554388	0.98658269148481	-9.87922609707923	3686	0.439229517091698	9	40274513	40278198	TEC	Gm48114
ENSMUSG00000043964	8.60820020924151	0.508548909913219	4.08125319474635	8.09965129932829	0.986061189559264	9.06978383481865	2141	0.546473610462401	7	127368987	127374322	protein_coding	Orai3
ENSMUSG00000121251	2.67880183837007	16.6169095484071	-2.63299232291977	13.9381077100371	0.985801775780916	-14.1846217823793	1376	0.471656976744186	11	6576148	6577523	lncRNA	
ENSMUSG00000058638	12.5375215292422	1.85170614987109	2.75932509985899	10.6858153793711	0.985577128797604	11.0363275290613	4116	0.466472303206997	7	12568688	12584504	protein_coding	Zfp110
ENSMUSG00000047033	0.328992442841594	8.16310872495831	-4.63299232291977	7.83411628211672	0.985368528027386	-9.10153810001144	2801	0.483041770796144	18	37606593	37609393	protein_coding	Pcdhb15
ENSMUSG00000050914	16.7655745985578	2.82989789765874	2.56668002191659	13.9356767008991	0.984788189987163	14.170071681078	1539	0.378817413905133	8	46449939	46458744	protein_coding	Ankrd37
ENSMUSG00000107050	2.37196353255934	14.4800084512442	-2.60990870980673	12.1080449186849	0.984274711168164	-12.3861364123933	2331	0.398541398541399	5	65837357	65839687	TEC	C030017G13Rik
ENSMUSG00000032607	2.6469244262598	15.6373051146274	-2.56260299502837	12.9903806883676	0.984009948652118	-13.2407297585459	2437	0.498974148543291	9	108174052	108179501	protein_coding	Amt
ENSMUSG00000066042	11.0691631519436	1.63483966385015	2.75932509985899	9.43432348809343	0.983999251176722	9.82956431815283	1998	0.481981981981982	4	132186042	132191232	protein_coding	Med18
ENSMUSG00000118012	1.47441253183889	10.4525108747923	-2.82563740086217	8.97809834295345	0.983878904578519	-9.41225140850448	1875	0.560533333333333	18	82712412	82719461	lncRNA	Gm46620
ENSMUSG00000103614	1.76280790511584	11.4556053346401	-2.70010651877831	9.69279742952425	0.983587398373984	-10.0618535679337	2091	0.435198469631755	1	134727633	134729723	TEC	Gm37949
ENSMUSG00000103388	7.46160188177574	38.5709641339545	-2.36995791708598	31.1093622521788	0.983536585365854	-31.199505128544	988	0.390688259109312	9	72264509	72265496	TEC	Gm37581
ENSMUSG00000042903	9.51916268762552	1.24970240014256	2.9292501013013	8.26946028748296	0.983491121095421	8.77294019141995	3485	0.546915351506456	X	100298134	100304479	protein_coding	Foxo4
ENSMUSG00000103992	3.52730270774853	19.2754636347347	-2.45012826576996	15.7481609269861	0.982798459563543	-15.9376190537037	2090	0.414354066985646	3	29228987	29231076	TEC	Gm38029
ENSMUSG00000028331	1.21731549854598	9.10931796845435	-2.90363991286344	7.89200246990838	0.982284980744544	-8.40921088620172	2271	0.451783355350066	4	46376505	46389437	protein_coding	Trmo
ENSMUSG00000065471	58.3232805316015	275.646383828912	-2.24067490014101	217.32310329731	0.981854407359863	-217.334654049421	79	0.544303797468354	X	19013132	19013210	miRNA	Mir222
ENSMUSG00000104709	3.50383206235477	18.6297128234179	-2.41059990158332	15.1258807610631	0.981763478818999	-15.316764040861	2104	0.356939163498099	5	58122756	58124859	TEC	Gm42484
ENSMUSG00000112763	4.0346227337973	20.9751933053699	-2.37817842389095	16.9405705715726	0.981624411638853	-17.1066847725178	1142	0.397548161120841	12	49415509	49428668	lncRNA	Gm34304
ENSMUSG00000031885	1.05920440505667	8.44761115958432	-2.99556240230448	7.38840675452765	0.981471972614463	-7.97257477082843	3480	0.464655172413793	8	105897306	105944621	protein_coding	Cbfb
ENSMUSG00000097383	0.509824526915244	7.22856906970424	-3.82563740086217	6.718744542789	0.981223256311511	-7.73156062862682	3615	0.420746887966805	10	89522200	89536728	lncRNA	1500026H17Rik
ENSMUSG00000037772	10.0020305380223	1.56084835405886	2.67989063236458	8.44118218396348	0.981169768934531	8.85637456662137	4883	0.542084783944297	7	142086423	142094484	protein_coding	Mrpl23
ENSMUSG00000069270	1.48510528992636	9.65095517918309	-2.70010651877831	8.16584988925674	0.980830124090715	-8.60067902125311	2482	0.459307010475423	13	23865450	23867931	protein_coding	H2ac6
ENSMUSG00000011589	2.95710495755894	15.7227901245372	-2.41059990158332	12.7656851669783	0.980749893025246	-12.9912936102577	2493	0.583634175691937	17	56293509	56303881	protein_coding	Fsd1
ENSMUSG00000064585	62.3576728691258	286.527162137948	-2.20003291564366	224.169489268822	0.980626872058194	-224.180284735019	133	0.556390977443609	2	158221454	158221586	snoRNA	Gm25129
ENSMUSG00000065694	54.9243078913492	252.371606386404	-2.20003291564366	197.447298495055	0.980594779632007	-197.459554916508	151	0.417218543046358	1	66475241	66475391	snRNA	Gm25411
ENSMUSG00000097823	3.96469257946842	20.0762731922102	-2.34021057369192	16.1115806127418	0.979944908001712	-16.2806515646671	1627	0.48740012292563	1	166825864	166828410	lncRNA	Gm16701
ENSMUSG00000046675	1.64212859946416	10.0246212354768	-2.60990870980673	8.3824926360126	0.979634681215233	-8.77939669147775	3367	0.433323433323433	12	102710021	102713820	protein_coding	Tmem251
ENSMUSG00000109379	1.79107450417746	10.5811779992634	-2.56260299502837	8.79010349508592	0.979626658108686	-9.1560282636332	2058	0.40913508260447	7	118384366	118386423	TEC	Gm44550
ENSMUSG00000020182	0.206569789822754	6.58993204110142	-4.99556240230448	6.38336225127867	0.979533055198973	-8.10573607677721	4461	0.426810132257341	11	11764101	11848144	protein_coding	Ddc
ENSMUSG00000075271	6.43891524922921	0.292610377888794	4.45976481800008	6.14630487134042	0.97811296534018	7.59385052548009	3721	0.425423273313625	2	75808591	75812311	protein_coding	Ttc30a1
ENSMUSG00000024845	17.4527998560474	3.53507537702663	2.3036456160828	13.9177244790208	0.977997967479675	14.1070846668768	1848	0.581709956709957	19	4175934	4182306	protein_coding	Tmem134
ENSMUSG00000104960	9.64368661813225	44.3117587957524	-2.20003291564366	34.6680721776201	0.977861574668378	-34.7378089888035	860	0.47093023255814	3	123301194	123302053	lncRNA	Snhg8
ENSMUSG00000108088	2.22317933027576	11.8205415502024	-2.41059990158332	9.59736221992667	0.977840179717587	-9.89547136148598	2487	0.328508242862887	6	80422333	80424819	TEC	Gm44229
ENSMUSG00000088689	291.616402658007	68.9115959572279	2.08125319474635	222.704806700779	0.977318677792041	222.714531502756	79	0.531645569620253	18	74911462	74911540	scaRNA	Scarna17
ENSMUSG00000083465	16.7282400514475	3.43742136108667	2.282887055916	13.2908186903608	0.977037869062901	13.4854527091275	1267	0.43646408839779	11	105664344	105665610	processed_pseudogene	Gm11652
ENSMUSG00000113869	9.7440405238597	42.7626640773856	-2.1337596962245	33.0186235535259	0.976262302096705	-33.087496608397	662	0.403323262839879	13	9402064	9402725	processed_pseudogene	Gm48869
ENSMUSG00000102498	1.51190784643036	8.93193778608861	-2.56260299502837	7.42002993965825	0.976254278990158	-7.85008142731993	2438	0.450779327317473	3	33128068	33130505	TEC	Gm19445
ENSMUSG00000105791	8.45420029724132	37.4588262428051	-2.14756549574953	29.0046259455638	0.976195442875481	-29.084022483154	1308	0.351681957186544	5	49135620	49136927	TEC	Gm43341
ENSMUSG00000039648	2.20682683092546	11.1748533984694	-2.34021057369192	8.96802656754394	0.97464163457424	-9.26833782538128	2923	0.490591857680465	2	30075136	30095859	protein_coding	Kyat1
ENSMUSG00000019433	22.3848056453272	5.03784021341447	2.15164252263775	17.3469654319127	0.974272571673085	17.4798963166604	1729	0.60266049739734	8	84379306	84391323	protein_coding	Gipc1
ENSMUSG00000106855	2.03124430359876	10.4000307197756	-2.35615211756095	8.36878641617686	0.974088040222508	-8.69413819079691	4083	0.353171687484693	6	21681300	21685382	TEC	5330437M03Rik
ENSMUSG00000104871	4.43269400940338	19.7858414474735	-2.15821273994904	15.3531474380701	0.974002460419341	-15.5040968290964	1871	0.3425975414217	5	58102384	58104254	TEC	Gm42639
ENSMUSG00000117634	1.55857561505168	8.74725628175891	-2.4886024135846	7.18868066670724	0.973895485665383	-7.60725125789792	2365	0.495983086680761	18	11788477	11790841	lncRNA	Gm50069
ENSMUSG00000043773	10.5365354824122	2.07489893496751	2.34428760058015	8.46163654744472	0.973713628583654	8.7803745600792	2099	0.458789899952358	9	121766289	121776082	lncRNA	1700048O20Rik
ENSMUSG00000006941	10.6485349521697	44.5199537259673	-2.06379713805693	33.8714187737976	0.973569212665811	-33.934234459864	1125	0.537777777777778	9	120321298	120324396	protein_coding	Eif1b
ENSMUSG00000111374	31.8200218369925	7.51935922737708	2.08125319474635	24.3006626096154	0.973430145485665	24.3896252149762	724	0.366022099447514	10	48970102	48970825	processed_pseudogene	Gm50490
ENSMUSG00000022705	4.30611136635189	19.0794956096531	-2.14756549574953	14.7733842433012	0.973387355584082	-14.9286610102431	1712	0.532126168224299	16	43574389	43643295	protein_coding	Drd3
ENSMUSG00000085457	10.8040666652478	2.17947455329408	2.30952218241947	8.62459211195368	0.97334189131365	8.92846469493279	3497	0.453817557906777	13	34119550	34144174	lncRNA	1110046J04Rik
ENSMUSG00000018931	2.16978533647116	10.7675382804842	-2.31106422803241	8.59775294401305	0.973293752674369	-8.90294184819693	4247	0.524370143630798	11	60793072	60805576	protein_coding	Natd1
ENSMUSG00000104488	15.8880660758501	3.51983798316013	2.17436259913783	12.3682280926899	0.972673299101412	12.557902645957	1856	0.408405172413793	1	80706526	80708381	TEC	Gm38062
ENSMUSG00000102950	3.33448168870257	15.1965297675645	-2.18820748024687	11.8620480788619	0.972587719298246	-12.0621903733045	3869	0.388989402946498	1	181813901	181817769	TEC	Gm37018
ENSMUSG00000023074	18.1207775196026	4.17766222014082	2.11687710447707	13.9431152994618	0.972443303380402	14.1028944876413	2085	0.470023980815348	X	52433475	52459379	protein_coding	Mospd1
ENSMUSG00000024082	6.05043680992977	25.4872576997387	-2.07466494870208	19.4368208898089	0.972301561831408	-19.547231030299	3503	0.443619754496146	17	79244565	79255481	protein_coding	Ndufaf7
ENSMUSG00000120920	15.2856749450121	3.44013654383634	2.15164252263775	11.8455384011758	0.971876337184424	12.0393664932568	1266	0.529225908372828	3	95189522	95190787	lncRNA	
ENSMUSG00000028575	5.01208611250592	21.1500236232362	-2.07717616785813	16.1379375107303	0.971777385537013	-16.2710690470096	1287	0.351981351981352	4	94795504	94817080	protein_coding	Eqtn
ENSMUSG00000020309	4.90536488729667	20.6996809149088	-2.07717616785813	15.7943160276121	0.971643667094566	-15.9303195075429	1315	0.4	11	30926707	30936350	protein_coding	Chac2
ENSMUSG00000026248	14.573724843298	3.31144530451399	2.13783672311272	11.262279538784	0.971229139922978	11.4633889519811	1644	0.503649635036496	1	79753735	79759162	protein_coding	Mrpl44
ENSMUSG00000113894	18.6691214019308	4.41168239920665	2.08125319474635	14.2574390027241	0.971082049636286	14.4085454427934	1234	0.346839546191248	13	3612385	3613618	TEC	Gm48838
ENSMUSG00000045690	6.06255152894279	0.682207528899876	3.15164252263775	5.38034400004291	0.970910890029953	6.2354592572878	3192	0.444548872180451	12	75677370	75716311	protein_coding	Wdr89
ENSMUSG00000043518	1.91741122014004	9.51513422330763	-2.31106422803241	7.59772300316759	0.970852053915276	-7.94143643801	2403	0.533499791926758	X	160500065	160562492	protein_coding	Rai2
ENSMUSG00000105677	16.0653387796252	3.79638499345956	2.08125319474635	12.2689537861657	0.970044394522893	12.4442292596894	1434	0.396792189679219	3	105639760	105641193	lncRNA	Gm43328
ENSMUSG00000069132	1.78656035750156	8.86578811113154	-2.31106422803241	7.07922775362998	0.969204642704322	-7.44691100080134	2579	0.376502520356727	2	23211258	23291985	protein_coding	Nxph2
ENSMUSG00000036781	27.103171541156	6.67158833409437	2.02235950569278	20.4315832070616	0.969065575524176	20.5314278684496	816	0.463235294117647	9	66853368	66856798	protein_coding	Rps27l
ENSMUSG00000103119	7.41059776758587	1.31339350557805	2.4962906940252	6.09720426200783	0.968886392811297	6.588426750122	2487	0.44270205066345	4	136366893	136369379	TEC	Gm37583
ENSMUSG00000001288	8.00182816211552	1.5331657584476	2.38381596476678	6.46866240366792	0.96859756097561	6.89392281988302	4261	0.558554329969491	15	102143373	102165952	protein_coding	Rarg
ENSMUSG00000060538	10.8554587586305	2.37522516606501	2.1922845071351	8.48023359256553	0.968485237483954	8.75902238521522	2292	0.442408376963351	7	126485343	126522089	protein_coding	Tmem219
ENSMUSG00000030093	1.74307912811974	8.58136204385405	-2.29956858919458	6.83828291573431	0.967795250320924	-7.21457752969874	3172	0.558322824716267	6	91340963	91388345	protein_coding	Wnt7a
ENSMUSG00000066197	22.262320130233	5.6204997735092	1.98583362966767	16.6418203567238	0.967062473256312	16.7598842475175	4843	0.493495767086517	7	118739970	118783826	protein_coding	Gpr139
ENSMUSG00000026856	0.85509542134176	6.06200367777161	-2.82563740086217	5.20690825642985	0.967025032092426	-5.92419786232942	3233	0.570986699659759	2	30282266	30290541	protein_coding	Dolpp1
ENSMUSG00000045876	10.8443803468345	2.50012219546315	2.11687710447707	8.34425815137136	0.966859221223791	8.60858947634203	3484	0.471297359357061	18	37488174	37491657	protein_coding	Pcdhb8
ENSMUSG00000003348	1.13276930841955	6.69209106407008	-2.56260299502837	5.55932175565053	0.966391206675225	-6.12151880606257	3254	0.511370620774432	10	80521087	80537811	protein_coding	Mob3a
ENSMUSG00000052407	1.84332288527949	8.71187770861171	-2.24067490014101	6.86855482333223	0.965401690201113	-7.22479545518365	5999	0.468078013002167	4	83443782	83782907	protein_coding	Ccdc171
ENSMUSG00000028629	13.3086290535756	3.25339606411614	2.03234359426541	10.0552329894595	0.965096812152332	10.2585637862941	2008	0.443227091633466	4	120778393	120782214	protein_coding	Exo5
ENSMUSG00000031792	14.1365810892508	3.49597893154399	2.01566485311877	10.6406021577068	0.965088789045785	10.8298346745781	2803	0.525151623260792	8	96058912	96074135	protein_coding	Usb1
ENSMUSG00000034617	6.91396796144148	1.25679478583017	2.45976481800008	5.65717317561132	0.965008557980317	6.16879658432074	5198	0.451135051943055	13	68708899	68730268	protein_coding	Mtrr
ENSMUSG00000120031	4.11081560921622	16.1903823958989	-1.97764049430722	12.0795667866827	0.964596705177578	-12.240383804385	1345	0.369516728624535	9	95463539	95476160	lncRNA	
ENSMUSG00000043866	15.0770260536535	3.80036026570402	1.98814379035487	11.2766657879495	0.964460312366282	11.4505854446066	4584	0.511561954624782	7	105388600	105393568	protein_coding	Taf10
ENSMUSG00000025578	5.01500861169689	0.296272983979375	4.08125319474635	4.71873562771751	0.964339965768079	6.23883751703135	3675	0.551292517006803	11	118927131	118931795	protein_coding	Cbx8
ENSMUSG00000042659	3.6504395440428	14.556913510945	-1.99556240230448	10.9064739669022	0.964270432178006	-11.087535510302	4039	0.461995543451349	7	68386743	68398989	protein_coding	Arrdc4
ENSMUSG00000118537	33.2178087502546	8.79704276545346	1.91686637684547	24.4207659848011	0.963460098416774	24.4958810413322	1609	0.392169049098819	13	104310230	104314947	protein_coding	Shld3
ENSMUSG00000030888	3.36694823529819	13.4646828300913	-1.99966680063722	10.0977345947931	0.96341730851519	-10.2938287949845	3558	0.538504777965149	7	105380937	105386592	protein_coding	Rrp8
ENSMUSG00000117222	23.7298154265915	86.4500407652263	-1.8651657650488	62.7202253386348	0.963262195121951	-62.7479522363897	466	0.5	17	50646280	50705503	lncRNA	Gm49906
ENSMUSG00000039759	15.8880660758501	4.08097157467842	1.96095896102864	11.8070945011716	0.962994758237056	11.9688278710338	1334	0.5952023988006	4	152067096	152073454	protein_coding	Thap3
ENSMUSG00000106337	30.7797435498063	8.1641686280615	1.9146033253369	22.6155749217448	0.962802203679932	22.6964740639255	1467	0.366734832992502	5	58087092	58088558	TEC	Gm42478
ENSMUSG00000090582	7.2674119274393	27.477683687677	-1.91874680525365	20.2102717602377	0.962740693196406	-20.3011495715226	634	0.376971608832808	12	40259486	40261072	lncRNA	Gm17024
ENSMUSG00000044224	4.24391298153332	16.4106827634378	-1.95116828294603	12.1667697819045	0.962585579803167	-12.3222296924801	4777	0.440862465982834	15	10446842	10470602	protein_coding	Dnajc21
ENSMUSG00000060716	9.05321776397053	2.1069428117914	2.10327950107635	6.94627495217913	0.962243260590501	7.25772143106355	6718	0.525751711818994	12	79075937	79128429	protein_coding	Plekhh1
ENSMUSG00000037499	6.20962151212469	23.4782364662901	-1.91874680525365	17.2686149541654	0.962138960205392	-17.3748856611459	742	0.592991913746631	1	191038986	191050391	protein_coding	Nenf
ENSMUSG00000068206	6.8696004545209	1.32518267594608	2.3740349439742	5.54441777857481	0.962077449721866	6.03130254742597	6573	0.515289821999087	15	79113373	79133684	protein_coding	Pick1
ENSMUSG00000032062	9.31286338958366	2.20071392849763	2.08125319474635	7.11214946108603	0.962013264869491	7.41041731736265	1979	0.448711470439616	9	50650991	50657836	protein_coding	2310030G06Rik
ENSMUSG00000083274	5.86200911195486	22.1639331526555	-1.91874680525365	16.3019240407006	0.961882220795892	-16.4144545060579	786	0.44910941475827	2	140969200	140969985	processed_pseudogene	Zcchc9-ps
ENSMUSG00000103285	5.47864347443105	20.7144488204367	-1.91874680525365	15.2358053460056	0.961497111681643	-15.3561503588642	1682	0.440546967895363	2	155926530	155928211	TEC	Gm37274
ENSMUSG00000049300	6.5869037340908	24.6452955758397	-1.90363991286344	18.0583918417489	0.961387462558836	-18.158451498627	4197	0.479628305932809	3	110153425	110158314	protein_coding	Prmt6
ENSMUSG00000108101	98.8742309441313	28.0378510589923	1.81821878891256	70.836379885139	0.961154792468977	70.8597109420866	233	0.377682403433476	6	48022482	48022889	lncRNA	Gm45738
ENSMUSG00000056895	63.034737721125	17.7329514026743	1.82971442775039	45.3017863184507	0.960635964912281	45.3387218449052	614	0.571661237785016	11	58839746	58840359	protein_coding	H2bc27
ENSMUSG00000110564	2.8837171389408	11.3574744380132	-1.97764049430722	8.47375729907243	0.960368528027385	-8.70147255861369	2876	0.315716272600834	8	49938805	49941680	TEC	Gm45697
ENSMUSG00000025608	4.86948380823247	0.396794174972377	3.61730609498656	4.47268963326009	0.960323063756953	5.75237828557017	5488	0.530065597667638	6	31496423	31540916	protein_coding	Podxl
ENSMUSG00000064637	316.768317387261	93.5690263856736	1.75932509985899	223.199291001587	0.95997539580659	223.206224663243	128	0.40625	17	13141677	13141804	snoRNA	Snora20
ENSMUSG00000089718	11.738953278972	41.6103139920077	-1.82563740086217	29.8713607130357	0.959552845528455	-29.9270971323267	471	0.399150743099788	9	112056502	112057310	lncRNA	2310075C17Rik
ENSMUSG00000106205	10.1676241670074	2.52915961933612	2.00725261330258	7.63846454767129	0.959389709028669	7.89779739545408	1722	0.466898954703833	5	64961357	64963078	TEC	C230096K16Rik
ENSMUSG00000044250	8.38878318069461	1.98234540942049	2.08125319474635	6.40643777127413	0.958969833119384	6.73602700245848	2197	0.541192535275375	15	97144988	97283561	protein_coding	Pced1b
ENSMUSG00000097217	5.5695528331826	20.3402798616609	-1.86870612275405	14.7707270284783	0.958707744972187	-14.8884666612462	1820	0.437362637362637	17	32503761	32517663	lncRNA	Gm26549
ENSMUSG00000104794	73.7206265919443	246.795395654819	-1.74317524067019	173.074769062875	0.95864890885751	-173.083547300392	75	0.44	15	53477601	53477675	miRNA	Mir28c
ENSMUSG00000024847	31.0100576447782	8.74979982822061	1.82541429031676	22.2602578165576	0.958576700898588	22.3349773984865	1991	0.503264691109995	19	4164446	4175858	protein_coding	Aip
ENSMUSG00000031297	1.21763719925912	6.33025125653606	-2.37817842389095	5.11261405727693	0.958536585365854	-5.63866607581316	3784	0.470401691331924	X	100122816	100129626	protein_coding	Slc7a3
ENSMUSG00000075701	41.1777365865633	11.7947538645817	1.80371921921744	29.3829827219816	0.958509841677364	29.4382926927164	1477	0.481381178063643	7	65729397	65739153	protein_coding	Selenos
ENSMUSG00000025429	9.4513623835826	2.32650259855599	2.02235950569278	7.12485978502661	0.958453679931536	7.40631925632128	2340	0.488034188034188	18	77877614	77970579	protein_coding	Pstpip2
ENSMUSG00000026709	14.9002228915383	3.98214843240805	1.90371500919416	10.9180744591303	0.958172871202396	11.0828011229717	5195	0.424446583253128	1	160868171	160898228	protein_coding	Dars2
ENSMUSG00000060445	2.00764233638192	8.39365643400591	-2.06379713805693	6.38601409762399	0.957961596063329	-6.7112170790479	5967	0.375398022456846	2	177987086	178049478	protein_coding	Sycp2
ENSMUSG00000031832	1.05616943541467	5.92758197889966	-2.4886024135846	4.87141254348499	0.957950898587933	-5.47026527160447	3490	0.554727793696275	8	120324610	120331961	protein_coding	Taf1c
ENSMUSG00000064264	3.52258345718388	13.3186937752196	-1.91874680525365	9.79611031803571	0.957924154899444	-9.98225258475244	1308	0.636085626911315	7	24206431	24215107	protein_coding	Zfp428
ENSMUSG00000104877	3.44102999402279	13.0103446288179	-1.91874680525365	9.56931463479515	0.957611253744116	-9.7597833932099	1339	0.425690814040329	5	123820193	123821531	TEC	Gm42651
ENSMUSG00000052415	9.65343942578697	2.43078169493639	1.98962271928078	7.22265773085057	0.957595207531023	7.49168761108562	5823	0.552807831014941	3	93349637	93356384	protein_coding	Tchh
ENSMUSG00000088008	192.873732362645	59.0823450610032	1.70685767996485	133.791387301642	0.95747486093282	133.802274566756	129	0.589147286821705	5	135082842	135082970	scaRNA	Gm25492
ENSMUSG00000060216	7.12589536477493	1.53083053233631	2.21875671849629	5.59506483243862	0.957405327342747	6.01893942942308	2845	0.553602811950791	11	70323461	70331654	protein_coding	Arrb2
ENSMUSG00000110959	2.47384652993102	9.74320551341567	-1.97764049430722	7.26935898348466	0.957250213949508	-7.53356767776681	2235	0.462639821029083	9	47682439	47684673	TEC	Gm47198
ENSMUSG00000070080	232.908573024	71.7892230411561	1.69792455519485	161.119349982844	0.956942661531878	161.128296356317	91	0.604395604395604	12	109556881	109556971	miRNA	Mir431
ENSMUSG00000051518	5.95619097580344	21.1125277364804	-1.82563740086217	15.1563367606769	0.956926615318785	-15.2658932238659	1083	0.564173591874423	15	80144816	80148516	protein_coding	Rps19bp1
ENSMUSG00000107932	5.89450639061388	20.8938783477992	-1.82563740086217	14.9993719571853	0.956859756097561	-15.1100665461613	938	0.374200426439232	6	4610234	4611171	TEC	Gm44432
ENSMUSG00000114094	5.7865483981118	20.5112065831875	-1.82563740086217	14.7246581850757	0.95676080445015	-14.8374024204624	1274	0.430141287284144	13	8883135	8884408	TEC	Gm48375
ENSMUSG00000022987	8.38125127415411	2.03134928381381	2.04472731872124	6.3499019903403	0.956292789901583	6.6709943108095	4288	0.501632462686567	15	98183466	98194042	protein_coding	Zfp641
ENSMUSG00000039899	4.86540566208714	0.574869702283105	3.08125319474635	4.29053595980403	0.955891634574241	5.28231200067793	3788	0.405755015839493	5	21577640	21583372	protein_coding	Fgl2
ENSMUSG00000093629	29.2800370400485	8.64892228165738	1.75932509985899	20.6311147583911	0.955640243902439	20.7059923930464	1133	0.497793468667255	12	85133148	85135002	lncRNA	Prox2os
ENSMUSG00000116904	45.4555433022078	146.475768985319	-1.68813387711223	101.020225683111	0.955570710312366	-101.034329774853	223	0.434977578475336	16	67035016	67035238	processed_pseudogene	Gm49640
ENSMUSG00000065520	92.1507832399303	295.532301519426	-1.68124749152699	203.381518279496	0.955388853230638	-203.388467152886	70	0.5	1	128130098	128130167	miRNA	Mir128-1
ENSMUSG00000108532	5.75757857474733	1.04659072360545	2.45976481800008	4.71098785114188	0.955362109542148	5.31449428388792	6242	0.363345081704582	7	93691898	94358378	lncRNA	Gm32647
ENSMUSG00000040822	3.3336200655272	12.3791580127816	-1.8927515967207	9.04553794725442	0.955164206247326	-9.24144281820261	1935	0.542635658914729	14	54923673	54928198	protein_coding	1700123O20Rik
ENSMUSG00000101587	7.35525065769113	24.8301759663444	-1.75524807297077	17.4749253086533	0.955014441591784	-17.5628559847389	877	0.387685290763968	5	45926209	45927085	transcribed_processed_pseudogene	Gm29036
ENSMUSG00000073987	3.28272510269472	12.1901632339605	-1.8927515967207	8.90743813126581	0.954963628583654	-9.10631443939956	1965	0.408651399491094	4	20042052	20066750	protein_coding	Ggh
ENSMUSG00000070705	11.051778686685	36.6872585672918	-1.73100052672409	25.6354798806068	0.954926187419769	-25.6938551317726	1751	0.509994288977727	7	27977164	27978914	protein_coding	Eid2b
ENSMUSG00000094500	9.41916012673905	31.5326314720808	-1.74317524067019	22.1134713453417	0.954698866067608	-22.1820710228089	587	0.354344122657581	8	34232140	34237798	protein_coding	Smim18
ENSMUSG00000105202	4.23624476765499	15.0159448410855	-1.82563740086217	10.7797000734305	0.954487590928541	-10.9332010679647	3698	0.39724175229854	3	126973925	126977622	TEC	C230031I18Rik
ENSMUSG00000039307	11.9017526522036	3.2274497196144	1.88270751536427	8.67430293258918	0.954180038510911	8.87626717459171	4723	0.532923988990049	11	121095259	121113481	protein_coding	Hexdc
ENSMUSG00000109359	20.0654944452761	5.92707248842788	1.75932509985899	14.1384219568482	0.953947368421053	14.2474629403582	1837	0.406096897114861	8	9645109	9646945	TEC	Gm44797
ENSMUSG00000024553	8.63817184706411	2.18708379536164	1.98171752119544	6.45108805170247	0.953912601626016	6.74861032988506	2987	0.503180448610646	18	82410505	82424902	protein_coding	Galr1
ENSMUSG00000105340	2.11929461768604	8.42268847932165	-1.99069664713266	6.30339386163561	0.953658536585366	-6.61026832404031	4783	0.485678444490905	5	121656676	121683545	protein_coding	Gm42878
ENSMUSG00000030443	5.27245422224649	17.9967473739537	-1.77118961683979	12.7242931517073	0.953637141634574	-12.84697430796	3146	0.468531468531469	7	6318659	6334284	protein_coding	Zfp583
ENSMUSG00000104379	7.26970520983988	1.7178971538722	2.08125319474635	5.55180805596768	0.95329214805306	5.92909668928999	3169	0.411486273272326	1	15923555	15926723	TEC	Gm37509
ENSMUSG00000070972	2.43463099709195	9.34903686236104	-1.9411146182821	6.91440586526909	0.953270753102268	-7.18170832260515	4542	0.453985028621753	4	58995062	59025573	protein_coding	Dnajc25
ENSMUSG00000014846	14.4608913092964	4.12425460653107	1.80995117292896	10.3366367027654	0.953217265725289	10.4939021137679	1848	0.55952380952381	8	106194125	106198158	protein_coding	Tppp3
ENSMUSG00000038982	4.43651852840168	0.338190158758876	3.71352141024586	4.0983283696428	0.953118314077878	5.53050962297088	6439	0.459077496505669	13	38776818	38819085	protein_coding	Bloc1s5
ENSMUSG00000001034	4.61383074938204	0.495586352355121	3.21875671849629	4.11824439702692	0.95311296534018	5.22688547095769	4394	0.540964952207556	11	61379638	61385232	protein_coding	Mapk7
ENSMUSG00000027163	22.4337112756385	6.79652444521973	1.72279922383388	15.6371868304187	0.952706461275139	15.7318037470299	1602	0.524968789013733	2	101716592	101731991	protein_coding	Commd9
ENSMUSG00000038803	8.69347011697456	28.2472532485052	-1.70010651877831	19.5537831315307	0.952610183996577	-19.6275519851592	1272	0.526729559748428	5	31063229	31065132	protein_coding	Ost4
ENSMUSG00000074890	2.47569268405783	9.42546067689607	-1.92873089382627	6.94976799283824	0.952519255455712	-7.21243911690621	3350	0.452238805970149	2	120958788	120971134	protein_coding	Lcmt2
ENSMUSG00000097827	1.99288026037912	8.00590600091325	-2.00620964650399	6.01302574053413	0.952505883611468	-6.33887653311308	2312	0.48356401384083	15	100357621	100366572	lncRNA	5330439K02Rik
ENSMUSG00000078570	16.0339690509304	4.73621505322272	1.75932509985899	11.2977539977076	0.95227053915276	11.4339175351107	2069	0.618173030449493	4	124742873	124744989	protein_coding	1110065P20Rik
ENSMUSG00000055912	12.501075245727	3.51680625363114	1.82971442775039	8.98426899209584	0.952230423620026	9.16869370245581	1548	0.565245478036176	6	72332430	72336745	protein_coding	Tmem150a
ENSMUSG00000022508	1.9255387542672	7.80038124984503	-2.01828247880456	5.87484249557783	0.952174261874198	-6.21186272482712	6700	0.49910447761194	16	23783802	23807602	protein_coding	Bcl6
ENSMUSG00000110142	3.49055997120948	12.3727638195932	-1.82563740086217	8.88220384838372	0.952077984595635	-9.06788272551367	1584	0.345328282828283	8	81454183	81455766	TEC	Gm45872
ENSMUSG00000022701	2.17850551394634	8.49420948749377	-1.9631409246121	6.31570397354743	0.951906824989303	-6.61377645308409	4230	0.478014184397163	16	43710163	43784677	protein_coding	Ccdc191
ENSMUSG00000008822	11.3519080802813	3.15595135108464	1.84678794110933	8.19595672919663	0.951813222079589	8.40144823267337	1380	0.447826086956522	12	85319172	85335212	protein_coding	Acyp1
ENSMUSG00000015745	3.39413566261254	12.0309747638033	-1.82563740086217	8.63683910119079	0.951668806161746	-8.82768041895973	2172	0.56767955801105	3	95895741	95903313	protein_coding	Plekho1
ENSMUSG00000108536	5.13374836991255	17.1863088896114	-1.74317524067019	12.0525605196988	0.951642062473256	-12.1779667843482	1077	0.409470752089137	7	78427038	78428114	TEC	Gm45059
ENSMUSG00000109576	4.16762336260991	14.2255696579041	-1.77118961683979	10.0579462952942	0.951462879760377	-10.2127075909293	1990	0.363819095477387	7	88864316	88866305	TEC	Gm44704
ENSMUSG00000020346	5.84095393449801	19.0937390530971	-1.70882373587942	13.2527851185991	0.951363928112965	-13.3624994652972	4733	0.549545742657934	11	49135018	49153857	protein_coding	Mgat1
ENSMUSG00000048721	14.4865860115174	4.27913927734402	1.75932509985899	10.2074467341734	0.951262302096705	10.3579531587076	2290	0.502620087336245	11	46126358	46130699	protein_coding	Fndc9
ENSMUSG00000107967	17.7038450559472	5.36356264100592	1.72279922383388	12.3402824149413	0.95124893025246	12.459960162302	2030	0.505418719211823	6	6854222	6856251	TEC	Gm44094
ENSMUSG00000107529	3.8597186697353	13.3012609299641	-1.78499541636482	9.44154226022876	0.951115211810013	-9.60879435143291	2865	0.417102966841187	2	37994444	37997308	TEC	Gm44291
ENSMUSG00000109829	7.33925188605676	1.78534141786587	2.03943301905172	5.55391046819089	0.950952075310227	5.91651996767346	4269	0.485359568985711	11	61298844	61303112	lncRNA	Gm45605
ENSMUSG00000049036	14.0509453478928	4.15045698649632	1.75932509985899	9.90048836139649	0.950930680359435	10.0555902164488	1574	0.634053367217281	12	113149550	113153143	protein_coding	Tmem121
ENSMUSG00000063445	6.39442597655646	1.39913032141378	2.1922845071351	4.99529565514268	0.950922657252888	5.45518927650654	3891	0.469802107427397	16	4527923	4537220	protein_coding	Nmral1
ENSMUSG00000032417	13.3551859768015	3.9449391888558	1.75932509985899	9.4102467879457	0.950275459991442	9.57329459575104	1380	0.48695652173913	9	86454044	86456952	protein_coding	Rwdd2a
ENSMUSG00000035439	0.523782398104947	4.53839915777424	-3.11514401805715	4.01461675966929	0.950270111253744	-5.08146336996094	5278	0.4759378552482	8	71701205	71725578	protein_coding	Haus8
ENSMUSG00000028885	5.51250946599783	17.9115185105178	-1.70010651877831	12.3990090445199	0.950221972614463	-12.5150224714652	2006	0.493020937188435	4	132460277	132484563	protein_coding	Smpdl3b
ENSMUSG00000033316	6.43767946785941	1.4488399416157	2.15164252263775	4.9888395262437	0.950171159606333	5.43305488319734	3006	0.59647371922821	5	110692221	110769246	protein_coding	Galnt9
ENSMUSG00000119974	9.95534777384289	2.71446785183319	1.87480231727893	7.2408799220097	0.950069533590073	7.47965412127042	3610	0.323268698060942	3	17836155	17839764	lncRNA	
ENSMUSG00000081648	19.7169468643995	6.13064873943807	1.68532451841521	13.5862981249614	0.949986628155755	13.6904278776341	888	0.394144144144144	2	23092045	23093695	processed_pseudogene	Gm13423
ENSMUSG00000005892	22.6381981947806	7.08036773491172	1.67686293966702	15.5578304598689	0.949959884467266	15.6479378173756	1384	0.548410404624277	6	92219042	92221631	protein_coding	Trh
ENSMUSG00000046058	22.5080936074543	7.03967596632027	1.67686293966702	15.468417641134	0.949927792041078	15.5590428252825	1392	0.59051724137931	7	27967306	27968697	protein_coding	Eid2
ENSMUSG00000022787	10.2860362119423	2.85962761949889	1.84678794110933	7.42640859244344	0.949807445442875	7.65259238959874	1523	0.491792514773473	16	32066045	32075901	protein_coding	Wdr53
ENSMUSG00000006720	5.24627288584858	0.929806333154741	2.4962906940252	4.31646655269384	0.949791399229782	4.98631634872893	3513	0.455166524338173	13	22129264	22144949	protein_coding	Zfp184
ENSMUSG00000002332	16.6939824710019	5.12842094551254	1.70274157149262	11.5655615254893	0.949684424475824	11.6902327718129	2760	0.523188405797101	14	55976477	55983147	protein_coding	Dhrs1
ENSMUSG00000112790	6.68243533284484	1.5791199653723	2.08125319474635	5.10331536747254	0.9492351305092	5.51139207465077	2758	0.372008701957941	10	81850307	81853064	TEC	Gm33378
ENSMUSG00000120981	4.87248027706175	15.831904001806	-1.70010651877831	10.9594237247442	0.949181643132221	-11.0905063253974	1513	0.456708526107072	13	65425035	65426547	lncRNA	
ENSMUSG00000003873	9.9401225576067	2.76345993940153	1.84678794110933	7.17666261820517	0.949066645271716	7.4104731316543	1576	0.53997461928934	7	45111121	45116322	protein_coding	Bax
ENSMUSG00000089235	217.212560494122	668.836261333438	-1.62254553548465	451.623700839317	0.948956996148909	-451.626615484313	140	0.585714285714286	18	74911632	74911771	scaRNA	Gm23119
ENSMUSG00000111583	10.3540205887562	2.91279619080846	1.82971442775039	7.44122439794776	0.948796534017972	7.66287644606978	1869	0.579454253611557	10	84276643	84302873	lncRNA	Gm47962
ENSMUSG00000103427	3.35286266097027	11.4676707941078	-1.77410710022208	8.11480813313756	0.948320496362858	-8.30647741468632	5222	0.384527001148985	1	137877160	137882381	TEC	Gm37534
ENSMUSG00000106528	2.86182556645746	10.1441293427721	-1.82563740086217	7.2823037763146	0.948280380830124	-7.50765610626597	1932	0.355590062111801	3	56036017	56037948	TEC	Gm42841
ENSMUSG00000007594	9.15871698867809	2.49725508285367	1.87480231727893	6.66146190582442	0.947844458707745	6.9202571087803	3924	0.575178389398573	8	70536107	70543512	protein_coding	Hapln4
ENSMUSG00000102749	4.95815128885098	15.9010462001229	-1.68124749152699	10.9428949112719	0.947515511339324	-11.0712936085584	1301	0.324365872405842	1	176902050	176903350	TEC	Gm37598
ENSMUSG00000101972	89.6844605741415	29.1407186797232	1.62182157610905	60.5437418944183	0.947459349593496	60.565460353263	411	0.669099756690998	13	21967130	21967540	protein_coding	H3c11
ENSMUSG00000102579	9.47218036240106	29.578354623051	-1.64277334371236	20.1061742606499	0.947333654257595	-20.1731739609421	1362	0.335535976505139	3	29274036	29275397	TEC	Gm37965
ENSMUSG00000047773	2.92012441231106	10.1864794627585	-1.80255378774913	7.26635505044743	0.947322956782199	-7.48659574685929	6627	0.427644484683869	11	89281049	89732092	protein_coding	Ankfn1
ENSMUSG00000120717	13.3889324985369	4.12685994740696	1.69792455519485	9.26207255112999	0.947229353872486	9.41641841346959	1583	0.406822488945041	3	69222241	69223823	lncRNA	
ENSMUSG00000112742	2.17029635515616	8.20577082335715	-1.91874680525365	6.03547446820099	0.947178540864356	-6.33313045491541	2123	0.387187941592087	10	130378174	130408584	lncRNA	Gm31793
ENSMUSG00000026355	6.12231950372448	1.40008986213999	2.12855890952471	4.72222964158448	0.946507274283269	5.17978916744457	4666	0.453921988855551	1	128259327	128287401	protein_coding	Mcm6
ENSMUSG00000038393	1.47535676016539	6.27552285950548	-2.08867180669596	4.80016609934009	0.946178326914848	-5.23489679911079	3123	0.480627601665066	3	96465273	96469199	protein_coding	Txnip
ENSMUSG00000097787	10.4568264669424	3.08880344999773	1.75932509985899	7.36802301694471	0.945977749251177	7.5751559710161	2115	0.497872340425532	19	32366591	32368705	lncRNA	2700046G09Rik
ENSMUSG00000106753	10.3880638692265	3.06849191956092	1.75932509985899	7.3195719496656	0.945836007702182	7.5280381463782	2129	0.345702207609206	5	69420928	69423056	TEC	Gm43230
ENSMUSG00000020140	5.83573744212342	1.27295777411247	2.19673041216629	4.56277966801094	0.945635430038511	5.06404806479464	10264	0.469017926734217	10	115286216	115423685	protein_coding	Lgr5
ENSMUSG00000099924	4.86497755776139	15.3285098618453	-1.65571239941985	10.4635323040839	0.945592640136928	-10.5937194520244	2273	0.396392432908051	1	51187468	51189740	lncRNA	Gm28320
ENSMUSG00000106959	2.57731659201432	9.1356486478766	-1.82563740086217	6.55833205586227	0.945520432178006	-6.80769206665353	3933	0.382659547419273	6	28233080	28237012	TEC	Gm42548
ENSMUSG00000040253	0.820723042749647	4.84860712559762	-2.56260299502837	4.02788408284797	0.945274390243902	-4.77396944847665	5614	0.416815105094407	3	142236103	142255910	protein_coding	Gbp7
ENSMUSG00000034412	3.70895944251458	11.9517367302327	-1.68813387711223	8.24277728771815	0.944589751818571	-8.41386792159089	2733	0.592023417489938	11	4136789	4165505	protein_coding	Tbc1d10a
ENSMUSG00000104138	5.54409525293951	17.3122986663496	-1.64277334371236	11.7682034134101	0.94449080017116	-11.8823110478647	2327	0.434035238504512	1	21524915	21527241	TEC	Gm36949
ENSMUSG00000112287	8.96059735899751	27.5271135931828	-1.61918652339474	18.5665162341853	0.944218014548567	-18.6369871511414	2571	0.402567094515753	10	119307223	119309793	TEC	Gm47024
ENSMUSG00000005481	1.60884005656522	6.54760420947628	-2.02494620908557	4.93876415291106	0.944041506204536	-5.33777093061976	5155	0.539088263821533	8	84441806	84453521	protein_coding	Ddx39a
ENSMUSG00000111977	14.3899120975267	4.57755105878043	1.65240989594248	9.81236103874623	0.943731279418057	9.95052197720872	1665	0.56996996996997	10	79473690	79475354	lncRNA	Gm47163
ENSMUSG00000107200	34.4488909308151	11.3063677686833	1.60732200641394	23.1425231621318	0.943659071459136	23.1982728310128	963	0.415368639667705	5	92105859	92106821	TEC	Gm43039
ENSMUSG00000064901	188.337367205697	63.5797498466687	1.56668002191659	124.757617359028	0.943608258451006	124.767453990986	137	0.467153284671533	11	97672465	97672601	snoRNA	Snora21
ENSMUSG00000074607	12.1928410637955	3.84170496721271	1.66621569546751	8.35113609658284	0.94346919127086	8.51573536739319	3401	0.574242869744193	2	163045045	163166090	protein_coding	Tox2
ENSMUSG00000017715	11.2315786810341	3.47077717496933	1.6942300716371	7.76080150606475	0.943461168164313	7.94357951758376	5333	0.560847552972061	11	117877118	117914837	protein_coding	Pgs1
ENSMUSG00000074064	17.0764591583429	5.50271167178673	1.63379421777513	11.5737474865562	0.943113500213949	11.6884949599425	2968	0.591981132075472	8	120121617	120137841	protein_coding	Mlycd
ENSMUSG00000112106	11.8547319776926	3.73517398327342	1.66621569546751	8.11955799441916	0.942947689345314	8.28875725115402	2332	0.456260720411664	10	119489969	119492300	TEC	Gm47026
ENSMUSG00000096199	8.15918393270217	2.26834003359209	1.84678794110933	5.89084389911008	0.942886178861789	6.17354578367321	3840	0.486458333333333	12	4284027	4289950	protein_coding	Ptrhd1
ENSMUSG00000108522	20.638473290018	6.70595485854771	1.62182157610905	13.9325184314703	0.942864783910997	14.0265952771153	1786	0.423292273236282	7	121961223	121963008	TEC	Gm44664
ENSMUSG00000002059	9.27303479143953	2.73912758773384	1.75932509985899	6.53390720370569	0.942819319640565	6.76662162039751	2385	0.567295597484277	11	78079256	78083019	protein_coding	Rab34
ENSMUSG00000117145	26.8400339533778	8.80908750909548	1.60732200641394	18.0309464442823	0.942768506632435	18.1024449649454	618	0.441747572815534	17	28945057	28945674	protein_coding	Gng5c
ENSMUSG00000028133	2.72904590049152	9.24354161763883	-1.76004905923459	6.51449571714731	0.942736414206247	-6.7480684006346	5065	0.445409674234946	3	120949047	120965344	protein_coding	Rwdd3
ENSMUSG00000055862	9.21837059920704	2.72298053335813	1.75932509985899	6.49539006584891	0.942690949935815	6.72943659710993	2799	0.578420864594498	10	80538018	80541207	protein_coding	Izumo4
ENSMUSG00000108918	2.88572390104166	9.66057133304354	-1.74317524067019	6.77484743200188	0.94267757809157	-6.99551410881202	1916	0.381002087682672	8	9759171	9761086	TEC	Gm44802
ENSMUSG00000031828	2.36385078854033	8.37899011981002	-1.82563740086217	6.01513933126969	0.942666880616175	-6.28608408263955	2339	0.598118854211201	8	120589005	120603734	protein_coding	Klhl36
ENSMUSG00000110980	3.28470063395734	10.5846067672476	-1.68813387711223	7.29990613329025	0.942115960633291	-7.49255801057974	3086	0.549254698639015	9	44388009	44391094	lncRNA	Gm47204
ENSMUSG00000024592	13.6815267414682	4.3781137672795	1.64384788243905	9.30341297418866	0.942006311510484	9.44752501075818	3233	0.435199505103619	18	57088905	57108440	protein_coding	C330018D20Rik
ENSMUSG00000046010	6.95040476982504	21.2148961029857	-1.60990870980673	14.2644913331607	0.941639922978177	-14.3550520391856	1591	0.48585795097423	11	82655171	82656761	protein_coding	Zfp830
ENSMUSG00000025584	2.0503264503322	7.53683314004392	-1.8781048207563	5.48650668971172	0.941308301240907	-5.79905452414439	4045	0.492459826946848	7	80863344	80984281	protein_coding	Pde8a
ENSMUSG00000048796	10.8711108816276	3.42525589028455	1.66621569546751	7.4458549913431	0.941214698331194	7.63000860392249	5086	0.529099488792764	3	108103003	108108528	protein_coding	Cyb561d1
ENSMUSG00000028455	9.4529261430769	2.88233809695355	1.71352141024586	6.57058804612336	0.940853658536585	6.79034482888978	3022	0.506949040370616	4	43027690	43031710	protein_coding	Stoml2
ENSMUSG00000018470	1.92985933486765	7.22068450483764	-1.90363991286344	5.29082516996999	0.940695870774497	-5.62287078786581	2865	0.54694589877836	11	69217084	69223868	protein_coding	Kcnab3
ENSMUSG00000038046	5.71477725518948	17.4433590180105	-1.60990870980673	11.728581762821	0.940316110397946	-11.8385571849397	1935	0.510077519379845	11	76134541	76141445	protein_coding	Mrm3
ENSMUSG00000024647	1.91052073061362	7.14832795658598	-1.90363991286344	5.23780722597236	0.940238553701326	-5.57301260130416	2894	0.499308914996545	18	86729235	86736408	protein_coding	Cbln2
ENSMUSG00000080937	21.4803690535968	63.4500708697087	-1.56260299502837	41.9697018161119	0.940104835258879	-41.9987809186578	429	0.468531468531469	2	49075030	49075458	processed_pseudogene	Gm13510
ENSMUSG00000103162	9.73784694971455	3.0278176199227	1.68532451841521	6.71002932979186	0.939960419341035	6.91844002207423	1798	0.398776418242492	2	24764544	24766341	TEC	Gm38147
ENSMUSG00000030446	11.6431629258138	3.72583359031709	1.64384788243905	7.9173293354967	0.939484381685922	8.08618202041705	3799	0.416688602263754	13	67961859	67975121	protein_coding	Zfp273
ENSMUSG00000047123	2.46392468555963	8.36981081913658	-1.76423685619802	5.90588613357694	0.939446940522037	-6.16376692514763	2992	0.496657754010695	17	56576319	56583786	protein_coding	Ticam1
ENSMUSG00000064346	426.369295587737	146.257148434594	1.54359640880355	280.112147153143	0.939444266153188	280.116400220725	67	0.402985074626866	MT	4950	5016	Mt_tRNA	mt-Tw
ENSMUSG00000039632	3.29895405393545	10.3943027792287	-1.65571239941985	7.0953487252932	0.939329268292683	-7.28596987937176	2514	0.498011137629276	9	21901167	21913930	protein_coding	Odad3
ENSMUSG00000079610	1.98003401890697	7.25244944130861	-1.87294311564052	5.27241542240164	0.938938810440736	-5.5952015424651	4654	0.507950150408251	1	36576588	36586526	protein_coding	Ankrd39
ENSMUSG00000058331	16.7973025829462	5.53863441860552	1.60062735383993	11.2586681643407	0.938735558408216	11.3718783303638	2359	0.406528189910979	13	67895919	67903347	protein_coding	Zfp85
ENSMUSG00000102504	6.67759298840075	1.75330630615813	1.9292501013013	4.92428668224261	0.938703465982028	5.28872435302532	4968	0.442834138486312	4	42714926	42719893	TEC	Gm21955
ENSMUSG00000034839	23.7930300988345	8.03215487304739	1.56668002191659	15.7608752257871	0.938695442875481	15.8385502548024	2440	0.575409836065574	9	60620272	60646084	protein_coding	Larp6
ENSMUSG00000040661	10.6735350895083	3.40596203894111	1.64790381719057	7.26757305056722	0.938687419768935	7.45206045574257	11828	0.445214744673656	9	106565281	106666393	protein_coding	Rad54l2
ENSMUSG00000026365	1.0992578222585	5.19529150005584	-2.24067490014101	4.09603367779733	0.938599165596919	-4.66884524243114	8383	0.366217344626029	1	140012446	140111502	protein_coding	Cfh
ENSMUSG00000023277	4.7684751999964	14.554937343618	-1.60990870980673	9.78646214362165	0.938575096277279	-9.91799613543236	2319	0.577835273824925	9	106080307	106092588	protein_coding	Twf2
ENSMUSG00000029446	3.8316333987497	11.8211483386088	-1.62533875037634	7.98951493985909	0.938425331621737	-8.15316349815865	4329	0.458997458997459	5	129842622	129864513	protein_coding	Psph
ENSMUSG00000003657	3.17214400137454	9.99475126677408	-1.65571239941985	6.82260726539954	0.93824080017116	-7.02063768097139	1743	0.505450372920252	8	110864134	110894842	protein_coding	Calb2
ENSMUSG00000075031	10.8839507763697	32.1497012635099	-1.56260299502837	21.2657504871402	0.938155220367993	-21.3230830768295	508	0.56496062992126	13	23930717	23931224	protein_coding	H2bc3
ENSMUSG00000042770	12.6642143498692	4.10758421604388	1.62439551977288	8.55663013382529	0.938050919982884	8.70945348754704	3711	0.494475882511452	6	135114520	135175020	protein_coding	Hebp1
ENSMUSG00000041895	2.29854561369441	7.90061290611665	-1.78124328150371	5.60206729242225	0.937957317073171	-5.87843393913117	4410	0.487981859410431	11	109464157	109502793	protein_coding	Wipi1
ENSMUSG00000120684	8.68323045841511	25.6490745847868	-1.56260299502837	16.9658441263717	0.93732081728712	-17.0376522749003	849	0.481743227326266	2	75488459	75489307	lncRNA	
ENSMUSG00000021493	3.23069357615759	10.104381259144	-1.64506515522035	6.87368768298637	0.937283376123235	-7.06780176067203	4849	0.533924520519695	13	55643608	55661489	protein_coding	Pdlim7
ENSMUSG00000087687	5.66923163109191	17.0506096484774	-1.58859820356132	11.3813780173855	0.937050706033376	-11.4917104830823	1788	0.498881431767338	8	3671548	3675848	protein_coding	Pet100
ENSMUSG00000037824	7.30251489825863	2.05434569080038	1.82971442775039	5.24816920745825	0.936935708172871	5.55797939158026	2650	0.535094339622642	14	40628402	40688764	protein_coding	Tspan14
ENSMUSG00000043445	4.06697094107821	12.4137181683892	-1.60990870980673	8.346747227311	0.936350021394951	-8.50058794028598	2719	0.567488047076131	17	24689366	24692084	protein_coding	Pgp
ENSMUSG00000115144	2.7744321835678	8.89774671241283	-1.68124749152699	6.12331452884503	0.93632595207531	-6.34992708201681	2325	0.445161290322581	15	35589460	35591784	TEC	Gm7968
ENSMUSG00000114624	27.0501320665158	9.23316491168599	1.55073847804757	17.8169671548298	0.936117351305092	17.8843257749231	1533	0.39856490541422	14	10067533	10069065	TEC	Gm48267
ENSMUSG00000115568	9.22965145787389	26.9761471575316	-1.54733623837506	17.7464956996577	0.9360959563543	-17.8138249416727	1897	0.479177648919346	15	27479092	27480988	TEC	Tiaf2
ENSMUSG00000104676	1.27880631751222	5.4394831779727	-2.08867180669596	4.16067686046048	0.936034445870774	-4.65551091216183	3603	0.408825978351374	3	121548693	121552295	TEC	Gm42777
ENSMUSG00000102157	8.89232004102258	26.0721284775988	-1.55187658843531	17.1798084365762	0.935964912280702	-17.2497576465059	2798	0.376697641172266	1	138957923	138960720	TEC	Gm37470
ENSMUSG00000009076	15.5061414105652	5.23463084675097	1.56668002191659	10.2715105638142	0.935622593068036	10.3903039201758	1248	0.568910256410256	11	4654678	4687669	protein_coding	Zmat5
ENSMUSG00000024959	8.28564509194057	2.55387775478702	1.69792455519485	5.73176733715355	0.93538189987163	5.97796826709492	2558	0.575449569976544	19	6919229	6929267	protein_coding	Bad
ENSMUSG00000018593	9.48754104106991	27.5937457095891	-1.54023518199992	18.1062046685191	0.934772143774069	-18.1715979460854	3788	0.498152059134108	11	55285326	55314009	protein_coding	Sparc
ENSMUSG00000106404	5.74148182180251	16.9595516530249	-1.56260299502837	11.2180698312224	0.93476946940522	-11.326377128555	1284	0.335669781931464	5	48960070	48961353	TEC	Gm42919
ENSMUSG00000024191	13.8857344608114	4.6876068013175	1.56668002191659	9.19812765949392	0.93431215233205	9.33059691184973	5110	0.473776908023483	17	27000040	27011539	protein_coding	Bnip1
ENSMUSG00000029650	2.62431034450575	8.41629825319765	-1.68124749152699	5.7919879086919	0.934239944373128	-6.03106268100399	2458	0.489015459723352	5	147815247	147831625	protein_coding	Slc46a3
ENSMUSG00000075585	3.83822530698732	0.394351038074684	3.282887055916	3.44387426891264	0.9341837826273	4.75790052459899	5522	0.588554871423397	5	138980811	138986332	lncRNA	6330403L08Rik
ENSMUSG00000061650	18.2381758495695	6.23793509237824	1.54782099466528	12.0002407571913	0.933959135643988	12.0996499148563	1920	0.5484375	11	59839032	59853031	protein_coding	Med9
ENSMUSG00000006456	17.9116611924161	6.12625850504666	1.54782099466528	11.7854026873695	0.933809370988447	11.8866086978155	3910	0.464961636828645	19	4850597	4861662	protein_coding	Rbm14
ENSMUSG00000092375	9.54480805686661	3.07571529978588	1.63379421777513	6.46909275708073	0.93334135643988	6.67221437348574	2124	0.549905838041431	15	78003906	78028342	lncRNA	A730060N03Rik
ENSMUSG00000061024	12.5987398960842	4.25313756298516	1.56668002191659	8.34560233309906	0.932916131792897	8.49138178350857	2048	0.54248046875	1	9615633	9617680	protein_coding	Rrs1
ENSMUSG00000020903	9.42553898909194	3.05115094892588	1.62722156385164	6.37438804016605	0.932902759948652	6.57880482340644	7137	0.497127644668628	11	67857019	68097974	protein_coding	Stx8
ENSMUSG00000035944	8.15493656990534	2.55055412418475	1.67686293966702	5.60438244572059	0.93285729567822	5.84986939310014	3842	0.524206142634045	15	85716507	85743023	protein_coding	Ttc38
ENSMUSG00000113126	8.13799124716268	2.54525427145917	1.67686293966702	5.59273697570351	0.932790436456996	5.83871357388166	3850	0.422077922077922	13	63558732	63562581	TEC	Gm47588
ENSMUSG00000119948	12.9269635807518	37.0934963409047	-1.52078281933375	24.1665327601529	0.932218121523321	-24.2143363739567	499	0.501002004008016	14	103584323	103597922	lncRNA	
ENSMUSG00000036537	4.52088879345529	13.3540868698798	-1.56260299502837	8.83319807642453	0.932044287548139	-8.97034650263978	1223	0.532297628781684	X	36454898	36456120	protein_coding	Rnf113a1
ENSMUSG00000047044	10.4404584469808	29.8658008000675	-1.51630934275444	19.4253423530868	0.931471972614463	-19.484432749186	1677	0.490757304710793	19	18690557	18695792	protein_coding	D030056L22Rik
ENSMUSG00000097801	2.14887174286662	7.19380282709344	-1.74317524067019	5.04493108422682	0.931220581942662	-5.33760148046701	2573	0.502137582588418	12	80556725	80565690	lncRNA	Gm26777
ENSMUSG00000054619	2.13065394774405	7.13281490331847	-1.74317524067019	5.00216095557441	0.9308675652546	-5.29719493176896	2595	0.485934489402698	15	100202021	100226543	protein_coding	Mettl7a1
ENSMUSG00000097251	4.12538481208418	12.1858222285865	-1.56260299502837	8.0604374165023	0.93058675652546	-8.21050421505414	1787	0.517627308337997	1	92836100	92838486	lncRNA	5033417F24Rik
ENSMUSG00000110841	7.98335993415238	22.9079884580587	-1.52078281933375	14.9246285239063	0.930319319640565	-15.0019104436795	808	0.545792079207921	10	45751384	45752191	transcribed_processed_pseudogene	Gpx4-ps2
ENSMUSG00000074872	10.1543562798821	28.9947596580366	-1.51369339454743	18.8404033781545	0.930239088575096	-18.9011128546515	1089	0.459136822773186	2	124978553	124989761	protein_coding	Ctxn2
ENSMUSG00000117448	4.99831664516387	14.4959008063873	-1.53613078366718	9.49758416122342	0.930231065468549	-9.62100840265988	2028	0.361439842209073	18	9434823	9436850	TEC	Gm50055
ENSMUSG00000036285	14.1805623253306	4.86434794992197	1.54359640880355	9.31621437540858	0.929968977321352	9.44322721117314	4029	0.472822040208489	5	77442029	77457931	protein_coding	Noa1
ENSMUSG00000120298	26.9319034745452	9.46037549554993	1.50934684685064	17.4715279789953	0.929942233632863	17.5366022314732	1266	0.495260663507109	2	34692319	34693584	lncRNA	
ENSMUSG00000058498	0.873329173020979	4.47147111344641	-2.35615211756095	3.59814194042543	0.929934210526316	-4.30093922585933	6331	0.524403727689149	4	152391476	152403450	protein_coding	Rnf207
ENSMUSG00000102417	41.9821335945013	14.8811373502169	1.4962906940252	27.1009962442844	0.929837933247754	27.1422711517247	439	0.425968109339408	16	40129795	40130233	TEC	Gm36939
ENSMUSG00000121071	13.6857598871184	4.71635056489444	1.53693267852254	8.96940932222393	0.929466195977749	9.10013547415136	1616	0.489480198019802	1	86415504	86417119	lncRNA	
ENSMUSG00000096299	3.88639666897551	11.4798839563236	-1.56260299502837	7.59348728734808	0.929410034231921	-7.75259810019767	4268	0.367619493908154	6	149467547	149487111	lncRNA	Gm21814
ENSMUSG00000066721	6.72388057204891	1.98614231325101	1.75932509985899	4.73773825879791	0.928968763371844	5.05384889127794	2741	0.585552717986136	7	24283263	24287066	protein_coding	Zfp575
ENSMUSG00000103780	10.8925275697317	30.8880344999774	-1.5037093059748	19.9955069302456	0.928832370560548	-20.0519684588416	1692	0.426713947990544	1	168163549	168165240	TEC	Gm37524
ENSMUSG00000039660	3.36763659680809	10.1284020104577	-1.58859820356132	6.7607654136496	0.928802952503209	-6.944896920096	3010	0.554485049833887	2	30063465	30068471	protein_coding	Spout1
ENSMUSG00000090115	4.72513047728346	1.01508282589367	2.21875671849629	3.71004765138978	0.928802952503209	4.32288502639791	8581	0.49900943945927	17	47941615	47997663	protein_coding	Usp49
ENSMUSG00000020956	10.3773404549471	3.50322785110747	1.56668002191659	6.87411260383964	0.928789580658964	7.05038370454684	3108	0.461711711711712	12	52035095	52053284	protein_coding	Dtd2
ENSMUSG00000051550	3.10197394892769	9.42460105325108	-1.60324497952572	6.3226271043234	0.928639816003423	-6.522730100556	4159	0.522721808126954	7	4986482	4999157	protein_coding	Zfp579
ENSMUSG00000005682	2.39296179329375	7.58255308679508	-1.66388633086555	5.18959129350132	0.92823866067608	-5.44980508969137	8472	0.48819641170916	10	128139204	128157227	protein_coding	Pan2
ENSMUSG00000010406	5.81655079061779	16.6904009685405	-1.52078281933375	10.8738501779227	0.928198545143346	-10.979681146349	1109	0.518485121731289	14	54664366	54667213	protein_coding	Mrpl52
ENSMUSG00000064936	63.7966960891825	175.883596450833	-1.46306732147746	112.08690036165	0.928067501069748	-112.096448644324	130	0.4	1	39612827	39612956	snoRNA	Gm23722
ENSMUSG00000035561	18.8472010978099	6.63326589457738	1.50655902947902	12.2139352032326	0.928038083012409	12.3064996346674	2298	0.55526544821584	4	45799022	45804604	protein_coding	Aldh1b1
ENSMUSG00000067365	11.4267986932953	3.90036974638044	1.55073847804757	7.52642894691486	0.927885643988019	7.68452487277224	3629	0.43786166988151	5	38417529	38426978	protein_coding	Tmem128
ENSMUSG00000089889	5.86268719282379	1.57432506669202	1.89682862360892	4.28836212613177	0.927864249037227	4.68913729295523	3458	0.453152111046848	5	143315002	143318459	lncRNA	0610040B10Rik
ENSMUSG00000027583	4.22411911889667	0.767844299100283	2.45976481800008	3.45627481979638	0.927743902439024	4.24220209205425	8508	0.486248236953456	2	181029555	181101219	protein_coding	Zbtb46
ENSMUSG00000029592	13.5247686483407	4.66835152032144	1.5346188126843	8.85641712801926	0.92773053059478	8.98839136028897	6064	0.54353562005277	5	114203522	114262781	protein_coding	Usp30
ENSMUSG00000075028	0.543288493111508	3.85151967971615	-2.82563740086217	3.30823118660464	0.927583440308087	-4.35070342647883	10177	0.529232583276015	2	92802363	92876512	protein_coding	Prdm11
ENSMUSG00000060860	2.1509616784267	6.98901111303222	-1.70010651877831	4.83804943460553	0.927503209242619	-5.12806830169796	5141	0.449523439019646	7	4797545	4815589	protein_coding	Ube2s
ENSMUSG00000059689	26.2261488363155	9.33866306227385	1.48971804010171	16.8874857740416	0.927045892169448	16.9530656698858	2565	0.502534113060429	6	117818141	117822917	protein_coding	Zfp637
ENSMUSG00000028958	11.6708115976693	4.02196438673848	1.53693267852254	7.6488472109308	0.926773106546855	7.80173222524808	1895	0.569920844327177	5	24650456	24652852	protein_coding	Tmub1
ENSMUSG00000120035	3.45349593653705	10.2011544296459	-1.56260299502837	6.74765849310881	0.926652759948652	-6.92622720243099	1601	0.495315427857589	12	86992508	86994108	lncRNA	
ENSMUSG00000024590	18.6666002511675	6.6166299426859	1.4962906940252	12.0499703084816	0.926350556268721	12.1425149897505	2962	0.533423362592843	18	56840885	56886496	protein_coding	Lmnb1
ENSMUSG00000041629	22.1668550748973	7.89891603908355	1.48867750991532	14.2679390358138	0.926259627727856	14.3453910737291	2619	0.520809469263077	11	113552145	113574981	protein_coding	Fam104a
ENSMUSG00000039164	5.94521182193099	1.63905860491815	1.8588607734099	4.30615321701284	0.926190094137784	4.6902365508908	4650	0.561290322580645	2	32340469	32346965	protein_coding	Naif1
ENSMUSG00000029059	17.9456247789543	6.36107039605181	1.4962906940252	11.5845543829025	0.926053701326487	11.6807870493153	1027	0.55014605647517	4	154979961	154983592	protein_coding	Prxl2b
ENSMUSG00000026196	4.55950155631392	0.96201026340714	2.24475192702923	3.59749129290678	0.926048352588789	4.24038380532253	5659	0.426047004771161	1	71066657	71142305	protein_coding	Bard1
ENSMUSG00000028039	24.9874761455851	8.94661640200659	1.48179112433008	16.0408597435785	0.925847774925118	16.1091553549309	2434	0.591207888249795	3	89221206	89230272	protein_coding	Efna3
ENSMUSG00000103364	14.6529513985755	5.12981491695737	1.51421260202246	9.52313648161813	0.925647197261446	9.64276766554342	1698	0.454652532391048	1	34071181	34072878	TEC	Gm38157
ENSMUSG00000103272	3.78372010316997	10.9733806776235	-1.53613078366718	7.18966057445357	0.925492083868207	-7.35193287240722	2679	0.390070921985816	1	86048605	86051283	TEC	Gm37914
ENSMUSG00000103358	7.36300050472707	2.34223187242453	1.65240989594248	5.02076863230254	0.925414527171587	5.28569542475934	3254	0.419176398279041	17	52149889	52153142	TEC	Gm37593
ENSMUSG00000028089	6.62955275107413	2.02144946135846	1.71352141024586	4.60810328971566	0.925224646983312	4.91637788946896	4309	0.486191691807844	3	97468058	97517519	protein_coding	Chd1l
ENSMUSG00000043300	13.6317726686287	37.5819650535967	-1.46306732147746	23.950192384968	0.924981279418057	-23.9948386380103	2028	0.524161735700197	3	69481491	69506293	protein_coding	B3galnt1
ENSMUSG00000113902	18.3822030747476	50.049063707357	-1.4450333986472	31.6668606326095	0.924981279418057	-31.6998136248199	1153	0.412836079791847	12	101934349	101943327	protein_coding	Ndufb1
ENSMUSG00000105893	7.5356948911158	20.9874451706184	-1.47771409744186	13.4517502795026	0.924975930680359	-13.5326724831378	1712	0.495327102803738	5	4039006	4040717	processed_pseudogene	Wdr46-ps
ENSMUSG00000106383	7.40591828564308	20.626008112571	-1.47771409744186	13.2200898269279	0.924868955926401	-13.3024213580017	1742	0.467853042479908	3	95546615	95548356	TEC	E330034L11Rik
ENSMUSG00000120382	20.0138622711841	7.19699954000889	1.4755321338584	12.8168627311752	0.924684424475824	12.9015179474292	1059	0.446647780925401	7	98306100	98307158	lncRNA	
ENSMUSG00000040502	5.46168619795438	1.43405099259032	1.9292501013013	4.02763520536406	0.924622913992298	4.46585392739833	3037	0.59993414553836	10	126890880	126896053	protein_coding	Marchf9
ENSMUSG00000001056	12.0616208429228	33.2531523249102	-1.46306732147746	21.1915314819874	0.92456675224647	-21.2419766627128	1146	0.555846422338569	11	51510562	51514541	protein_coding	Nhp2
ENSMUSG00000072761	11.4880762721195	31.5103335031492	-1.45568779111186	20.0222572310297	0.924368848951647	-20.0751042729723	2246	0.382012466607302	17	17514677	17540058	lncRNA	Gm6712
ENSMUSG00000105485	8.88812239310386	3.00049112262956	1.56668002191659	5.8876312704743	0.923991762943945	6.09251083447041	2903	0.351016190148123	5	14646878	14649780	TEC	Gm42447
ENSMUSG00000023904	12.5048035711805	34.0961341166243	-1.44712577760844	21.5913305454437	0.923850021394951	-21.6397718966451	958	0.589770354906054	17	23892570	23894201	protein_coding	Hcfc1r1
ENSMUSG00000048440	5.40473801993726	1.4190983592365	1.9292501013013	3.98563966070077	0.92377513906718	4.42801642480265	3069	0.52753339850114	17	32755532	32770772	protein_coding	Cyp4f16
ENSMUSG00000107610	21.1619752743055	56.8268901943738	-1.42509947127844	35.6649149200683	0.923585258878905	-35.6933756425299	958	0.413361169102296	6	72871945	72872902	TEC	D530018E20Rik
ENSMUSG00000088108	146.907045744816	55.2291486439812	1.41140179643868	91.6778971008352	0.923499679075738	91.6887608808316	138	0.557971014492754	13	95467108	95467245	snoRNA	Snora47
ENSMUSG00000059659	4.58818276595265	1.01646480422362	2.17436259913783	3.57171796172903	0.923488981600342	4.1815095253589	6427	0.481406566049479	6	128415706	128480248	lncRNA	Gm10069
ENSMUSG00000027359	13.9919942585936	4.9306485546381	1.50475227277339	9.06134570395548	0.923416773641421	9.18543767977384	3754	0.502397442727757	2	126394327	126430163	protein_coding	Slc27a2
ENSMUSG00000032415	3.08885306949487	9.12404929713018	-1.56260299502837	6.03519622763531	0.923226893453145	-6.23420577348351	1790	0.463687150837989	9	86189359	86347003	protein_coding	Ube2cbp
ENSMUSG00000050552	16.2785561790968	5.85378073185055	1.4755321338584	10.4247754472462	0.922913992297818	10.5286816935244	1302	0.56605222734255	5	138253744	138257660	protein_coding	Lamtor4
ENSMUSG00000019362	35.9029025610118	95.447035179719	-1.41059990158332	59.5441326187071	0.922863179289688	-59.5608388238155	616	0.587662337662338	8	84972867	84976348	protein_coding	D8Ertd738e
ENSMUSG00000025436	6.12733775995737	1.80993172948692	1.75932509985899	4.31740603047045	0.922748181429183	4.66210463620632	4211	0.437188316314415	10	126704296	126737224	protein_coding	Atp23
ENSMUSG00000021203	4.23968420860302	12.0814429935297	-1.51076406350875	7.84175878492669	0.922724112109542	-7.98596198942647	3695	0.530987821380244	12	103354941	103372609	protein_coding	Otub2
ENSMUSG00000025485	3.39125316948081	9.86318553884627	-1.54023518199992	6.47193236936547	0.922673299101412	-6.65268614993303	7065	0.538570417551309	7	140436870	140444285	protein_coding	Ric8a
ENSMUSG00000077704	259.697661857986	98.9821105567456	1.3915933153585	160.71555130124	0.92239783910997	160.72157590696	110	0.5	1	39587826	39587935	snoRNA	Snord89
ENSMUSG00000041889	8.76537640412902	23.8654137529291	-1.4450333986472	15.1000373488001	0.922395164741121	-15.1690226929214	2418	0.581885856079404	1	135298795	135302975	protein_coding	Shisa4
ENSMUSG00000106858	7.72718432163555	2.52532414087683	1.61347423339553	5.20186018075872	0.922191912708601	5.44634266659696	5605	0.402319357716325	6	17914995	17920599	TEC	Gm43844
ENSMUSG00000023186	4.70253027352165	1.11125047573403	2.08125319474635	3.59127979778763	0.92183622165169	4.15077166881526	4899	0.422331087977138	9	38629564	38654633	protein_coding	Vwa5a
ENSMUSG00000039886	3.7286444085521	10.6992223549777	-1.52078281933375	6.97057794642561	0.921312045357296	-7.13454534576491	1730	0.568208092485549	5	135764339	135773302	protein_coding	Tmem120a
ENSMUSG00000028540	9.4279679222371	3.23406895878476	1.54359640880355	6.19389896345234	0.921309370988447	6.38334350029255	3030	0.545874587458746	4	117745840	117749229	protein_coding	Dph2
ENSMUSG00000048218	4.66143702762847	13.080784765324	-1.4886024135846	8.41934773769548	0.921242511767223	-8.54993295143113	3163	0.498577300031616	15	97142006	97145168	protein_coding	Amigo2
ENSMUSG00000050908	6.26560349402699	17.2738863298476	-1.46306732147746	11.0082828358206	0.921189024390244	-11.105082484187	3971	0.476957945101989	16	10238421	10265226	protein_coding	Tvp23a
ENSMUSG00000001627	26.1130590949615	9.66503366993146	1.43392481306482	16.44802542503	0.921132862644416	16.5104112835495	5858	0.419426425401161	12	40251566	40298503	protein_coding	Ifrd1
ENSMUSG00000036368	6.54634974472629	2.06261561188577	1.66621569546751	4.48373413284051	0.920654150620454	4.78331961276072	4223	0.439261188728392	17	79919292	80000621	protein_coding	Rmdn2
ENSMUSG00000022386	8.81159980653586	3.01379853481787	1.54782099466528	5.797801271718	0.920367993153616	6.00085405737062	3974	0.533215903371917	15	85763513	85781595	protein_coding	Trmu
ENSMUSG00000003680	5.51031193382083	1.51915936074734	1.8588607734099	3.99115257307349	0.920057766367137	4.40280163492215	5017	0.518835957743672	19	8751851	8763781	protein_coding	Taf6l
ENSMUSG00000060143	20.3773230751689	53.5038435441868	-1.39267799358606	33.1265204690179	0.919969512195122	-33.155782457636	407	0.535626535626536	14	105919259	105919665	lncRNA	Gm10076
ENSMUSG00000068299	5.14649115209043	1.35129161169619	1.9292501013013	3.79519954039425	0.9195148694908	4.25741065728687	3223	0.488054607508532	6	85876033	85881866	protein_coding	Nat8f4
ENSMUSG00000003762	8.57830420421836	2.92374655242804	1.55287422239156	5.65455765179033	0.919308943089431	5.86391000851725	5586	0.536161833154314	7	26932448	26957375	protein_coding	Coq8b
ENSMUSG00000021025	5.15128601962344	14.2017810798809	-1.46306732147746	9.05049506025745	0.919014762516046	-9.16798924644438	1610	0.558385093167702	12	55536195	55539432	protein_coding	Nfkbia
ENSMUSG00000023170	9.19209807879604	24.436979913012	-1.41059990158332	15.244881834216	0.918985344458708	-15.310003730292	1604	0.55860349127182	11	69804714	69807417	protein_coding	Gps2
ENSMUSG00000032131	4.59781301907156	12.74553755202	-1.4709725195628	8.14772453294846	0.918958600770218	-8.27944292921445	5211	0.552868931107273	9	44184485	44199912	protein_coding	Abcg4
ENSMUSG00000117234	14.1689700881442	37.2028433755422	-1.39267799358606	23.033873287398	0.918923833975182	-23.0759370473601	1756	0.33997722095672	17	22286245	22288869	processed_pseudogene	Gm7818
ENSMUSG00000023345	2.20985091702471	6.85397707991853	-1.63299232291977	4.64412616289383	0.918790115532734	-4.92286214956196	3336	0.556654676258993	9	106158260	106227720	protein_coding	Poc1a
ENSMUSG00000104313	6.56089718860346	17.618175018191	-1.42509947127844	11.0572778295875	0.918733953786906	-11.1487354217295	1545	0.361165048543689	1	32535525	32537069	TEC	Gm37911
ENSMUSG00000037709	3.15795163887434	9.12086463768965	-1.530181517336	5.96291299881531	0.918455819426615	-6.1561178438556	10505	0.406853879105188	6	58909075	59001534	protein_coding	Fam13a
ENSMUSG00000064371	165.046178937189	422.520651033272	-1.35615211756095	257.474472096084	0.918380937098845	-257.478043587648	67	0.343283582089552	MT	15289	15355	Mt_tRNA	mt-Tt
ENSMUSG00000064080	0.723318549763974	3.93131459511093	-2.44230876131066	3.20799604534696	0.918185708172871	-4.03188674351556	6370	0.562009419152276	6	91189437	91249522	protein_coding	Fbln2
ENSMUSG00000029311	6.20924113714691	16.6738624215039	-1.42509947127844	10.4646212843569	0.918156290115533	-10.5612123891178	3265	0.413476263399694	5	104137628	104169785	protein_coding	Hsd17b11
ENSMUSG00000018733	5.47275579196419	1.53959730786793	1.82971442775039	3.93315848409626	0.917618741976893	4.337924682165	3536	0.439196832579186	11	83185468	83193412	protein_coding	Pex12
ENSMUSG00000107002	8.29038188317712	21.851414026022	-1.39821617712749	13.5610321428449	0.917605370132649	-13.6329234303305	1445	0.545328719723183	16	31765868	31767312	protein_coding	0610012G03Rik
ENSMUSG00000076434	7.64887924125904	2.5821420145238	1.56668002191659	5.06673722673524	0.917594672657253	5.30342459320931	2530	0.490118577075099	2	164573100	164587851	protein_coding	Wfdc3
ENSMUSG00000020621	59.1508405931985	22.8060133107096	1.37498439780306	36.3448272824889	0.917559905862216	36.370826939845	1480	0.496621621621622	12	10440772	10445562	protein_coding	Rdh14
ENSMUSG00000025351	4.7552006560529	1.18283890942336	2.00725261330258	3.57236174662954	0.917351305091998	4.09766171156088	3682	0.581477457903313	10	128736858	128748691	protein_coding	Cd63
ENSMUSG00000056665	12.9135066199454	33.5673637258022	-1.37817842389095	20.6538571058568	0.917222935387249	-20.6997871756506	1784	0.620515695067265	15	74593053	74596488	protein_coding	Them6
ENSMUSG00000103291	4.83828829611912	13.1922845249297	-1.44712577760844	8.35399622881062	0.917075845100556	-8.47840940313694	4952	0.3921647819063	1	106147044	106151995	TEC	Gm38235
ENSMUSG00000109418	5.46446693066972	14.6738977914313	-1.42509947127844	9.20943086076156	0.916749572100984	-9.31904100657281	1855	0.380053908355795	8	9648799	9650653	TEC	Gm44800
ENSMUSG00000119958	54.527090674515	138.516385483256	-1.34501155995575	83.9892948087414	0.916500855798032	-84.0000636819169	338	0.529585798816568	7	27230843	27231180	lncRNA	
ENSMUSG00000112039	9.89450070579066	25.7197610108079	-1.37817842389095	15.8252603050173	0.916209349593496	-15.8851578364722	1397	0.438797423049392	10	108534625	108536021	protein_coding	Brcc3dc
ENSMUSG00000106110	12.4930048291707	4.56889664609897	1.45120280449666	7.9241081830717	0.916131792896876	8.05589722357496	3098	0.459651387992253	5	121853172	121856269	TEC	Gm43571
ENSMUSG00000041669	16.1797065544969	6.08269953142012	1.41140179643868	10.0970070230768	0.916062259306804	10.1951756166852	1253	0.549880287310455	12	103163167	103208409	protein_coding	Prima1
ENSMUSG00000004994	8.20942389665304	2.8291100641683	1.53693267852254	5.38031383248473	0.915957958921695	5.5955284821308	2694	0.518559762435041	8	84984424	84997009	protein_coding	Ccdc130
ENSMUSG00000060376	22.3219380149384	8.60034135959085	1.37599646030748	13.7215966553475	0.915538083012409	13.7904162747476	1899	0.494997367035282	7	25329371	25358406	protein_coding	Bckdha
ENSMUSG00000025265	2.24256621147671	6.84504151284734	-1.60990870980673	4.60247530137064	0.915487270004279	-4.87591888300434	4931	0.560535388359359	X	149829146	149872517	protein_coding	Fgd1
ENSMUSG00000108802	16.4027738056124	6.2017983118502	1.40318128963371	10.2009754937622	0.915334830979889	10.2970296083829	2809	0.452830188679245	6	71767652	71770460	TEC	Gm44769
ENSMUSG00000021250	7.83595095577639	20.368767648582	-1.37817842389095	12.5328166928056	0.914992511767223	-12.6083650813079	2352	0.519557823129252	12	85520664	85524047	protein_coding	Fos
ENSMUSG00000052102	14.7492554942129	5.55640704122766	1.40841793799986	9.19284845298527	0.914963093709884	9.30011310509896	4311	0.488285780561355	18	38460588	38472056	protein_coding	Gnpda1
ENSMUSG00000108594	6.56136905980517	17.227898989307	-1.39267799358606	10.6665299295018	0.914944373127942	-10.7570633878758	1264	0.481012658227848	6	71779872	71781135	TEC	Gm44770
ENSMUSG00000043811	9.5098847512828	3.37090778985821	1.4962906940252	6.13897696142459	0.914939024390244	6.31869638247703	1938	0.627450980392157	16	17945506	17970272	protein_coding	Rtn4r
ENSMUSG00000100706	3.49157733057154	0.47601423030787	2.87480231727893	3.01556310026367	0.914936350021395	4.1663064187724	6862	0.41664237831536	8	49296512	49323573	lncRNA	Gm19744
ENSMUSG00000029360	5.21492448428367	1.44980454876725	1.84678794110933	3.76511993551643	0.9147946084724	4.19365637937231	3004	0.571904127829561	5	118203425	118207775	lncRNA	Gm9754
ENSMUSG00000026430	1.15274935251351	4.6308868336531	-2.00620964650399	3.47813748113958	0.914527171587505	-4.01526057478636	3997	0.528146109582187	1	131104147	131172995	protein_coding	Rassf5
ENSMUSG00000053898	8.47270774097433	21.9286111828867	-1.37191943341926	13.4559034419124	0.914117993153616	-13.5256608108389	2284	0.547285464098074	7	28524642	28531672	protein_coding	Ech1
ENSMUSG00000043843	1.92448555321818	6.06364478175678	-1.65571239941985	4.1391592285386	0.914096598202824	-4.45802901165851	2873	0.619561434041072	7	25005531	25015620	protein_coding	Tmem145
ENSMUSG00000041837	8.11576153434134	20.9217591569102	-1.36620578222487	12.8059976225689	0.913818463842533	-12.8786681511958	2498	0.569655724579664	9	65253386	65266925	protein_coding	Pdcd7
ENSMUSG00000038372	10.7248001980223	3.8990267363445	1.45976481800008	6.82577346167783	0.913692768506632	6.98012153719519	3351	0.464637421665175	13	32003562	32522723	protein_coding	Gmds
ENSMUSG00000102801	11.0739138657427	4.04991181963222	1.45120280449666	7.02400204611048	0.913660676080445	7.17234928900867	3495	0.345064377682403	1	123291469	123294963	TEC	Gm37478
ENSMUSG00000025857	1.83567297290698	5.88709763982921	-1.68124749152699	4.05142466692223	0.913641955498502	-4.38641481844931	3514	0.585088218554354	5	139135978	139172265	protein_coding	Dnaaf5
ENSMUSG00000106499	3.38012960073105	9.4852182972764	-1.4886024135846	6.10508869654535	0.913625909285409	-6.28395139529386	2181	0.447042640990371	3	132548157	132550337	processed_pseudogene	Gm9403
ENSMUSG00000105326	50.1811195861007	19.7637547481291	1.34428760058015	30.4173648379716	0.913395913564399	30.4470555692886	1212	0.35973597359736	5	43422500	43423711	TEC	6030400A10Rik
ENSMUSG00000029735	1.60157780994882	5.44046794934969	-1.76423685619802	3.83889013940087	0.913283590072743	-4.22487978375204	4603	0.398435802737345	6	43321935	43643212	protein_coding	Tpk1
ENSMUSG00000101335	6.42016604086835	16.6885769308401	-1.37817842389095	10.2684108899717	0.913270218228498	-10.3604844468475	2153	0.371574547143521	9	88323553	88325705	lncRNA	Gm28229
ENSMUSG00000111067	6.39491903122348	16.6229498644916	-1.37817842389095	10.2280308332681	0.913243474540009	-10.3204646452746	1441	0.440666204024983	10	19748753	19750193	TEC	Gm48714
ENSMUSG00000020228	1.47117594476041	5.2147829149832	-1.82563740086217	3.74360697022279	0.913117779204108	-4.16503842322342	5011	0.463779684693674	10	119919513	119948892	protein_coding	Helb
ENSMUSG00000022299	4.09154932984397	11.1011016937511	-1.43998370836442	7.00955236390714	0.912887783483098	-7.15593302251433	6081	0.432494655484295	15	38954626	38976111	protein_coding	Slc25a32
ENSMUSG00000112655	4.81519442142027	12.8010828806242	-1.41059990158332	7.98588845920392	0.9128824347454	-8.1095133371364	1531	0.435662965382103	12	3418429	3419959	TEC	Gm48511
ENSMUSG00000043670	9.10880888697829	23.3186850240768	-1.35615211756095	14.2098761370985	0.912828947368421	-14.2744431904592	3035	0.561120263591433	10	80855423	80861496	protein_coding	Diras1
ENSMUSG00000035212	8.73927343687432	22.3726688244699	-1.35615211756095	13.6333953875956	0.91262836970475	-13.7006794853568	1898	0.472602739726027	4	101504915	101516561	protein_coding	Leprot
ENSMUSG00000026213	6.41830285494901	2.08546672076723	1.62182157610905	4.33283613418177	0.912620346598203	4.62642131570441	5743	0.558244819780602	1	75498173	75513979	protein_coding	Stk11ip
ENSMUSG00000002963	6.23789917316452	2.01009824515237	1.63379421777513	4.22780092801214	0.912417094565683	4.53250308691961	3250	0.570153846153846	7	44506563	44512416	protein_coding	Pnkp
ENSMUSG00000072214	8.48733453317015	2.98711444752867	1.50655902947902	5.50022008564147	0.912382327770646	5.70281869778434	5103	0.597883597883598	16	18439252	18448704	protein_coding	Septin5
ENSMUSG00000104262	4.1436774876811	11.1518690634755	-1.42830190331678	7.00819157579436	0.911922336328626	-7.15225806931303	4003	0.382213339995004	2	68819725	68823727	TEC	Gm37747
ENSMUSG00000006589	4.56474468061575	12.1352680434896	-1.41059990158332	7.57052336287381	0.911826059050064	-7.70081918176015	1615	0.575851393188854	8	123301374	123303648	protein_coding	Aprt
ENSMUSG00000027777	8.8502320242191	22.6211565874491	-1.353885510589	13.77092456323	0.911703038083012	-13.8373179952603	5102	0.485691885535084	3	67972135	68533814	protein_coding	Schip1
ENSMUSG00000051238	12.534110886824	4.73907819858194	1.40318128963371	7.79503268824209	0.91163350449294	7.92031895458389	1838	0.534820457018498	9	21867051	21869560	protein_coding	Swsap1
ENSMUSG00000117947	28.2735357667968	11.1354874376339	1.34428760058015	17.1380483291629	0.911526529738982	17.1906896221704	880	0.459090909090909	17	30384480	30385359	TEC	Gm50226
ENSMUSG00000031610	27.6452349719791	10.888032161242	1.34428760058015	16.7572028107371	0.911451647411211	16.8110367078669	700	0.48	8	57908957	57930619	protein_coding	Scrg1
ENSMUSG00000106288	26.7004498243483	10.5159300220019	1.34428760058015	16.1845198023464	0.911317928968763	16.2402521650871	1346	0.343982169390788	5	107954228	107955573	TEC	Gm43593
ENSMUSG00000019960	23.8320991137751	59.4461526044823	-1.31867741214228	35.6140534907072	0.911154792468977	-35.6384583863591	3132	0.48882503192848	10	99099093	99103351	protein_coding	Dusp6
ENSMUSG00000087178	6.80199103001243	2.29624579850447	1.56668002191659	4.50574523150796	0.910940842961061	4.77034866465014	2845	0.455536028119508	7	55612259	55630616	lncRNA	A230056P14Rik
ENSMUSG00000077733	208.779118277967	85.0627512597032	1.2953780000992	123.716367018264	0.910825845100556	123.723148490333	128	0.4921875	2	10080464	10080591	snoRNA	Gm23608
ENSMUSG00000048163	1.29425257359453	4.84252366721906	-1.90363991286344	3.54827109362453	0.910809798887463	-4.02667017170492	4272	0.476825842696629	5	113956597	113970705	protein_coding	Selplg
ENSMUSG00000114172	23.9421780935154	9.42958905419343	1.34428760058015	14.512589039322	0.910793752674369	14.5747161130954	1732	0.360277136258661	13	62787700	62791066	processed_pseudogene	Gm36298
ENSMUSG00000038048	15.0029257882359	5.81655241378993	1.36700767708023	9.18637337444599	0.910708172871202	9.28752743004975	3931	0.471126939709997	17	58076565	58717350	protein_coding	Cntnap5c
ENSMUSG00000112067	23.3921218993669	9.21295029028171	1.34428760058015	14.1791716090852	0.910692126658109	14.2427531282741	1300	0.416923076923077	12	95700884	95702183	TEC	Gm48015
ENSMUSG00000002308	10.2283214140748	3.77663273022616	1.43739700497163	6.45168868384866	0.910643988018828	6.60987118053009	2883	0.518210197710718	17	34062065	34068748	protein_coding	Cd320
ENSMUSG00000032182	11.8685461394575	4.50746501615355	1.39675502047428	7.3610811233039	0.91040864356012	7.49242550120327	2174	0.518859245630175	9	21499978	21504124	protein_coding	Yipf2
ENSMUSG00000095325	9.79788346089085	3.59275121727509	1.44738109354425	6.20513224361576	0.910221437740693	6.371701357621	5455	0.460861594867094	17	33098193	33110616	protein_coding	Zfp870
ENSMUSG00000025268	10.8111446839066	4.03384951944749	1.42229011258142	6.77729516445913	0.910221437740693	6.92492880183962	3239	0.482865081815375	X	149589366	149597341	protein_coding	Maged2
ENSMUSG00000105957	6.28889327610926	16.1725086297051	-1.36266542451962	9.88361535359586	0.910023534445871	-9.97710927658995	2491	0.408671216378964	3	133013279	133015769	lncRNA	Gm43254
ENSMUSG00000029228	5.05397348665066	1.42178534359389	1.82971442775039	3.63218814305677	0.910012836970475	4.06701925169775	3829	0.433011230086184	5	74753108	74863573	protein_coding	Lnx1
ENSMUSG00000121458	3.17370471183032	8.83899289842525	-1.47771409744186	5.66528818659493	0.909929931536157	-5.85483810117329	4065	0.520049200492005	X	52697822	52718739	lncRNA	
ENSMUSG00000109362	10.9458985288707	27.4827834804921	-1.32813774139135	16.5368849516214	0.909627727856226	-16.5901330242789	1347	0.308092056421678	7	58908603	58909949	TEC	Gm44562
ENSMUSG00000118198	41.4896891364615	16.7706656512022	1.30681289516148	24.7190234852594	0.909544822421908	24.7535428172972	844	0.466824644549763	18	85089915	85101669	lncRNA	Gm50370
ENSMUSG00000079418	9.79350735196868	3.6160850751385	1.43739700497163	6.17742227683019	0.90936296534018	6.34244874919611	3011	0.422783128528728	X	139857656	139947266	protein_coding	Atg4a
ENSMUSG00000019577	8.66128125012162	3.10111995478269	1.48179112433008	5.56016129533893	0.909173085151904	5.75422441049431	3511	0.402449444602677	6	5483351	5496309	protein_coding	Pdk4
ENSMUSG00000001751	6.24045936162057	2.04816255854816	1.60732200641394	4.19229680307241	0.909017971758665	4.48985929816889	2658	0.595184349134688	11	100960838	100968498	protein_coding	Naglu
ENSMUSG00000010607	9.48785413023736	23.8219493875308	-1.32813774139135	14.3340952572934	0.908967158750535	-14.3954936249255	777	0.593307593307593	9	22068142	22069654	protein_coding	Pigyl
ENSMUSG00000021044	7.14089688109029	18.0518824803436	-1.33797210149593	10.9109855992533	0.908889602053915	-10.9927146825292	5549	0.509280951522797	12	88327324	88428494	protein_coding	Adck1
ENSMUSG00000091021	9.65561579462269	3.56517097617617	1.43739700497163	6.09044481844653	0.908844137783483	6.25776543475733	1527	0.45645055664702	4	132079083	132080693	lncRNA	Gm17300
ENSMUSG00000048310	9.90868636988498	3.6795193171632	1.42917649816666	6.22916705272178	0.908697047496791	6.39101460126845	3255	0.556682027649769	8	106627073	106658410	protein_coding	Pskh1
ENSMUSG00000032288	6.98111994241896	17.6753768851331	-1.34021057369192	10.6942569427142	0.90867297817715	-10.7779077718556	924	0.557359307359307	9	56844759	56845682	protein_coding	Imp3
ENSMUSG00000107375	17.5154603835137	6.89843642739726	1.34428760058015	10.6170239561164	0.908603444587077	10.7017898894448	947	0.384371700105597	5	81683573	81684519	TEC	Gm43084
ENSMUSG00000051319	34.5565437149739	84.3822492496256	-1.28798061491937	49.8257055346517	0.908509841677364	-49.8423497248097	800	0.4625	2	127633308	127634408	protein_coding	Mtln
ENSMUSG00000026199	3.04660310205915	8.46988110559472	-1.47514015377803	5.42327800353557	0.908154150620454	-5.6203187433562	5142	0.482886036561649	1	75168795	75176031	protein_coding	Ankzf1
ENSMUSG00000106648	6.47429390444475	16.3921528021375	-1.34021057369192	9.91785889769277	0.907945549850235	-10.0080012737998	2989	0.45299431247909	5	52296927	52299915	TEC	Gm43176
ENSMUSG00000031851	3.44746663823159	9.36867713088538	-1.44230876131066	5.9212104926538	0.907892062473256	-6.09434067486114	2673	0.496445940890385	8	126456702	126474974	protein_coding	Ntpcr
ENSMUSG00000062997	16.3361581891899	40.3585398402202	-1.30480523756073	24.0223816510303	0.907803808301241	-24.0577916047114	1241	0.510878323932313	2	38891592	38895636	protein_coding	Rpl35
ENSMUSG00000035158	6.39522866255165	16.1668650554271	-1.33797210149593	9.77163639287548	0.907787762088147	-9.86281132025499	6196	0.435280826339574	6	97784013	97998310	protein_coding	Mitf
ENSMUSG00000028461	38.1231423875601	15.4839500677003	1.29989348122169	22.6391923198597	0.907608579375267	22.6764801492233	1547	0.562378797672915	4	43492900	43495921	protein_coding	Ccdc107
ENSMUSG00000061046	21.616907154278	8.65110387385858	1.3212039874671	12.9658032804194	0.907587184424476	13.0329442062427	2643	0.560348089292471	17	25998817	26004647	protein_coding	Haghl
ENSMUSG00000047221	8.51933281108755	3.07571529978588	1.469818482664	5.44361751130167	0.907557766367137	5.63855814737517	3894	0.456856702619414	5	21629956	21687122	protein_coding	Fam185a
ENSMUSG00000090946	5.21608207018474	13.3532469902025	-1.35615211756095	8.13716492001774	0.907408001711596	-8.24940006918881	4240	0.467924528301887	12	32428703	32432942	protein_coding	Ccdc71l
ENSMUSG00000117171	7.30872041559263	18.3506160020933	-1.32813774139135	11.0418955865007	0.907252888318357	-11.1214840737777	3026	0.555518836748182	17	28393631	28396656	lncRNA	C230013L11Rik
ENSMUSG00000046314	9.22029736023468	22.8161519708866	-1.30717031192792	13.5958546106519	0.907207424047925	-13.6585488547785	5297	0.468378327355107	12	44899267	45121492	protein_coding	Stxbp6
ENSMUSG00000062456	18.0687810274373	44.2230998145684	-1.29130097321098	26.1543187871311	0.907030915703894	-26.186176685845	714	0.473389355742297	19	32443265	32443978	protein_coding	Rpl9-ps6
ENSMUSG00000072582	5.00179857943428	12.8626178150049	-1.36266542451962	7.86081923557066	0.906814291827129	-7.97805340377582	3132	0.427522349936143	11	86574811	86583283	protein_coding	Ptrh2
ENSMUSG00000027552	21.2019198251243	8.55400955428666	1.30952218241947	12.6479102708376	0.906779525032092	12.7155213249559	1782	0.467452300785634	3	14643701	14671369	protein_coding	E2f5
ENSMUSG00000057506	21.1307724431608	8.52530482423871	1.30952218241947	12.605467618922	0.90676080445015	12.6733051031663	1788	0.478187919463087	19	44127685	44134885	protein_coding	Bloc1s2
ENSMUSG00000026495	6.88189419522486	2.36069114553549	1.54359640880355	4.52120304968937	0.906747432605905	4.7774435517117	4151	0.418453384726572	1	178233650	178312078	protein_coding	Efcab2
ENSMUSG00000032078	19.031978676402	7.59700820628106	1.32492227571321	11.434970470121	0.906675224646983	11.5114711783168	3583	0.507116941110801	9	46184362	46193941	protein_coding	Zpr1
ENSMUSG00000038208	5.39059384716341	1.67611332531435	1.68532451841521	3.71448052184906	0.906656504065041	4.0789317571599	3248	0.548029556650246	11	98279503	98291316	protein_coding	Pgap3
ENSMUSG00000035834	9.59903992082608	3.59614883374355	1.41643738633598	6.00289108708252	0.90660836542576	6.16773834341123	3936	0.428607723577236	13	81821962	81859132	protein_coding	Polr3g
ENSMUSG00000020549	18.8062822938633	7.51114607271654	1.32410971864252	11.2951362211468	0.906570924261874	11.3724829655298	3479	0.543259557344064	11	64869864	64892895	protein_coding	Elac2
ENSMUSG00000021650	15.1421474807397	37.0602033657299	-1.29130097321098	21.9180558849901	0.906501390671801	-21.956061394999	1704	0.499413145539906	13	99456155	99481213	protein_coding	Ptcd2
ENSMUSG00000028952	2.01642851728513	6.12643260088641	-1.60324497952572	4.11000408360128	0.906437205819427	-4.41163552796394	3199	0.577993122850891	4	152104231	152112128	protein_coding	Zbtb48
ENSMUSG00000044641	2.71111454074523	7.68793091702878	-1.5037093059748	4.97681637628355	0.906399764655541	-5.19902326597212	3399	0.537805236834363	2	167922924	167943123	protein_coding	Pard6b
ENSMUSG00000107278	1.54098299732325	5.15876663158067	-1.74317524067019	3.61778363425742	0.906367672229354	-4.01584590640457	3588	0.364548494983278	6	85656259	85659846	TEC	Gm42600
ENSMUSG00000106019	14.3570175849863	5.65448871616723	1.34428760058015	8.70252886881903	0.906346277278562	8.80574345899891	1733	0.51067512983266	3	22128574	22130306	lncRNA	Gm43672
ENSMUSG00000121250	32.0372508103424	13.0766505097091	1.29275729994006	18.9606003006333	0.905982563115105	19.0046201013575	1582	0.40960809102402	2	68693626	68695207	lncRNA	
ENSMUSG00000109324	25.0219645001855	10.172759975467	1.29848391096702	14.8492045247185	0.905958493795464	14.9058691623119	3425	0.548613138686131	7	44625413	44635992	protein_coding	Prmt1
ENSMUSG00000028617	12.0627486242078	29.5234158649854	-1.29130097321098	17.4606672407776	0.905680359435173	-17.508351113014	2139	0.482468443197756	4	107090711	107110729	protein_coding	Lrrc42
ENSMUSG00000103507	6.20683317736397	15.6451292842274	-1.33378430453249	9.43829610686345	0.905624197689345	-9.53207291054002	2227	0.422541535698249	9	95910677	95912903	TEC	Gm38375
ENSMUSG00000040877	0.961305896515026	4.08897514922504	-2.08867180669596	3.12766925271002	0.905503851091143	-3.76096594911922	4793	0.522428541623201	12	108859557	108994378	protein_coding	Wdr25
ENSMUSG00000027315	16.651749772304	6.68943067369405	1.31571844838338	9.96231909860996	0.905412922550278	10.0488266408544	2767	0.574268160462595	2	119067843	119080008	protein_coding	Spint1
ENSMUSG00000109857	16.5809582529914	6.64106871682953	1.32004005433347	9.9398895361619	0.905378155755242	10.0271586073097	3279	0.493138151875572	16	13265767	13285110	lncRNA	Gm53058
ENSMUSG00000104891	10.9442735439347	26.7243861439828	-1.28798061491937	15.7801126000481	0.905257809157039	-15.8325881565398	1263	0.368171021377672	5	3635112	3636374	lncRNA	2510017J16Rik
ENSMUSG00000050846	7.04289976491825	17.5189576206629	-1.31467548158479	10.4760578557447	0.905212344886607	-10.5582271153253	2486	0.510860820595334	15	75812801	75821249	protein_coding	Zfp623
ENSMUSG00000039356	3.19081659418041	8.67121674891158	-1.44230876131066	5.48040015473116	0.904958279845956	-5.66701335969229	2888	0.50415512465374	2	31560727	31571361	protein_coding	Exosc2
ENSMUSG00000032343	4.82331923294401	12.2977773722017	-1.35029939131551	7.47445813925771	0.904851305091998	-7.5954481712209	3630	0.396143250688705	9	80220612	80347534	protein_coding	Impg1
ENSMUSG00000022965	5.13715542351616	13.0066750001564	-1.34021057369192	7.86951957664022	0.904728284124947	-7.98282548656547	3767	0.499336341916645	16	91343960	91362511	protein_coding	Ifngr2
ENSMUSG00000031429	8.15493656990534	20.0120400512957	-1.29512268416339	11.8571034813904	0.904653401797176	-11.9276253183706	1469	0.409802586793737	X	139849178	139857477	protein_coding	Psmd10
ENSMUSG00000103317	3.72744741195224	9.78699520111642	-1.39267799358606	6.05954778916418	0.904404685494223	-6.21752936486699	2225	0.404943820224719	1	181795264	181797488	TEC	Gm38359
ENSMUSG00000036372	18.3043144858955	7.43441053840237	1.29989348122169	10.8699039474932	0.903974112109542	10.947352871368	1611	0.504034761018001	19	10181378	10185188	protein_coding	Tmem258
ENSMUSG00000097333	7.39779411699266	18.2417292753793	-1.30207544480515	10.8439351583866	0.903942019683355	-10.9218281520659	2865	0.44956369982548	13	67663900	67674296	protein_coding	Zfp87
ENSMUSG00000026514	7.70435483285496	2.77049164408194	1.4755321338584	4.93386318877302	0.903848416773641	5.14977679551048	2751	0.537259178480552	1	181180193	181288206	protein_coding	Cnih3
ENSMUSG00000029283	7.26984424316926	17.9601773637509	-1.30480523756073	10.6903331205816	0.90380027813436	-10.769667540689	4183	0.459956968682764	5	107112188	107132298	protein_coding	Cdc7
ENSMUSG00000118099	8.26994208563477	20.2405726074371	-1.29130097321098	11.9706305218023	0.903728070175439	-12.0400769637457	1560	0.490384615384615	19	55087934	55106247	lncRNA	Gm31356
ENSMUSG00000034463	3.84281831692787	9.98902033141469	-1.37817842389095	6.14620201448682	0.903618421052632	-6.29882330050307	3597	0.527939949958299	14	66156843	66191384	protein_coding	Scara3
ENSMUSG00000042761	6.94090968134167	2.41205852043465	1.52485984622197	4.52885116090702	0.903543538724861	4.77867035777411	2257	0.505981391227293	9	87026359	87066098	protein_coding	Mrap2
ENSMUSG00000008393	15.7991195897711	38.0966835592793	-1.26982124580053	22.2975639695081	0.903500748823278	-22.3336921482005	2858	0.555283414975507	16	8476444	8490019	protein_coding	Carhsp1
ENSMUSG00000022856	15.5843236361647	37.6277582042923	-1.27170179576163	22.0434345681276	0.903460633290543	-22.080086798214	1360	0.527941176470588	16	21753076	21766302	protein_coding	Tmem41a
ENSMUSG00000001983	5.33048637685786	13.3836982459229	-1.32813774139135	8.05321186906508	0.903380402225075	-8.1619955444829	1383	0.533622559652928	11	105956887	105964438	protein_coding	Taco1
ENSMUSG00000035278	17.0946380503059	6.94309297238621	1.29989348122169	10.1515450779197	0.903300171159606	10.2344316174157	1725	0.569275362318841	10	80631933	80634460	protein_coding	Plekhj1
ENSMUSG00000001755	2.89276961687957	7.97518923564989	-1.46306732147746	5.08241961877032	0.903051454856654	-5.28881415521822	2867	0.558423439134984	11	100973391	100977445	protein_coding	Coasy
ENSMUSG00000050447	11.8617259198623	4.67172203217678	1.34428760058015	7.19000388768553	0.902936456996149	7.31459261052908	3729	0.442209707696433	2	49956441	50083581	protein_coding	Lypd6
ENSMUSG00000013367	18.2755176524652	7.47462162098994	1.28983981655777	10.8008960314753	0.902899015832264	10.8776395341598	2622	0.541571319603356	7	43122328	43139499	protein_coding	Iglon5
ENSMUSG00000029627	2.54489873625878	7.21659132476687	-1.5037093059748	4.67169258850809	0.902877620881472	-4.90773403093491	3621	0.48163490748412	5	145131756	145138678	protein_coding	Zkscan14
ENSMUSG00000024248	108.486037102489	45.6737479023684	1.24807228532084	62.8122892001206	0.902693089430894	62.8246874961506	1478	0.453315290933694	17	83809347	83824759	protein_coding	Cox7a2l
ENSMUSG00000107171	5.18314056115653	1.61160926010095	1.68532451841521	3.57153130105558	0.902674368848952	3.94919669892388	3378	0.409117821195974	5	73199120	73202497	TEC	Gm42572
ENSMUSG00000056116	6.47808669524994	2.23246119299045	1.53693267852254	4.24562550225948	0.902455070603338	4.51525170546965	3414	0.506736965436438	17	36348020	36353639	protein_coding	H2-T22
ENSMUSG00000084792	20.3208822101476	8.35131901149915	1.282887055916	11.9695631986485	0.90242297817715	12.038116229904	1043	0.471716203259827	16	16865384	16866975	lncRNA	1700056N10Rik
ENSMUSG00000024501	2.64961392487693	7.41467081198382	-1.4846004830271	4.76505688710689	0.902035194694052	-4.99097242344306	6608	0.439164648910412	18	43454049	43571351	protein_coding	Dpysl3
ENSMUSG00000064326	11.4236508148674	4.49918684348844	1.34428760058015	6.92446397137896	0.902027171587505	7.05374442718184	2420	0.553305785123967	12	112611113	112615583	protein_coding	Siva1
ENSMUSG00000113196	15.1742056617152	6.14708943471673	1.3036456160828	9.02711622699844	0.901957637997433	9.12076308584268	4251	0.393083980239944	12	98732364	98736614	TEC	D230049E03Rik
ENSMUSG00000051504	1.90675578681499	5.79321841272114	-1.60324497952572	3.88646262590615	0.901949614890886	-4.20416296151086	3383	0.456990836535619	7	55417926	55428673	protein_coding	Siglech
ENSMUSG00000103041	6.02996478316908	2.03562181093564	1.56668002191659	3.99434297223344	0.901901476251605	4.29060159778361	4279	0.47254031315728	3	65865179	65869457	lncRNA	Gm37305
ENSMUSG00000028636	5.16733363962226	12.889259256299	-1.31867741214228	7.7219256166767	0.901781129653402	-7.83371210517607	1605	0.543302180685358	4	119275727	119279617	protein_coding	Ppcs
ENSMUSG00000060419	35.5229776661863	14.8136491989687	1.26182544038817	20.7093284672176	0.901593923833975	20.7477345511533	441	0.541950113378685	5	129205141	129205581	processed_pseudogene	Rps16-ps2
ENSMUSG00000013150	3.99959996701087	0.945141680663369	2.08125319474635	3.0544582863475	0.901551133932392	3.69612368349312	4608	0.453559027777778	8	106440486	106485296	protein_coding	Gfod2
ENSMUSG00000054836	7.3797632817493	2.65376828442528	1.4755321338584	4.72599499732402	0.901500320924262	4.95098210386387	2872	0.518105849582173	9	110134241	110151170	protein_coding	Elp6
ENSMUSG00000002014	15.4775217328048	6.33025125653606	1.28983981655777	9.14727047626878	0.901109863072315	9.23776184572845	3096	0.521963824289406	X	72830634	72834436	protein_coding	Ssr4
ENSMUSG00000028669	17.1131854220299	7.03304459345467	1.282887055916	10.0801408285752	0.900922657252888	10.1614486330516	2477	0.50545014129996	4	135702771	135714575	protein_coding	Pithd1
ENSMUSG00000108123	28.0243884629484	11.6866177043743	1.26182544038817	16.3377707585741	0.900748823277706	16.3864259923185	559	0.334525939177102	6	45306172	45306730	TEC	Gm43884
ENSMUSG00000002767	26.7788600868174	11.1672124730687	1.26182544038817	15.6116476137486	0.900545571245186	15.6625586880903	1170	0.558119658119658	17	46957155	46961065	protein_coding	Mrpl2
ENSMUSG00000113649	5.61105471718545	13.7694083537955	-1.29512268416339	8.15835363661007	0.900492083868207	-8.26051310918537	2135	0.439344262295082	13	20456075	20458209	TEC	Gm47665
ENSMUSG00000069520	26.3287952114087	10.9621004072369	1.26411725189616	15.3666948041718	0.900473363286264	15.41860245389	3675	0.435374149659864	10	115175579	115198406	protein_coding	Tmem19
ENSMUSG00000032224	19.7001901854752	8.1715956634293	1.26951983217817	11.5285945220459	0.900427899015832	11.5982831599354	4397	0.517853081646577	9	69995793	70049842	protein_coding	Fam81a
ENSMUSG00000028645	12.3533565666763	4.96886807130269	1.31391395153663	7.38448849537366	0.900240693196406	7.50046933267169	3506	0.53936109526526	4	118965908	118995180	protein_coding	Slc2a1
ENSMUSG00000096010	10.621641099957	4.18331658308286	1.34428760058015	6.43832451687419	0.900133718442448	6.5771674554976	2863	0.438351379671673	6	136778551	136781413	protein_coding	H4c16
ENSMUSG00000040006	24.2987712815571	10.175730991815	1.25575092597849	14.1230402897421	0.900088254172015	14.178757964426	2996	0.434245660881175	10	7643711	7668588	protein_coding	Ginm1
